# file...... Voltage_680.csv
# date...... Tue Nov 16 13:13:55 2010
# user...... D3P313
# host...... (null)
# target.... node 44
# trigger... (none)
# interval.. 60
# limit..... 2880
# timestamp,voltage_A.real,voltage_A.imag,voltage_B.real,voltage_B.imag,voltage_C.real,voltage_C.imag
2000-08-01 00:00:00 PDT,+2421.27,-45.4041,-1260.09,-2095.33,-1193.06,+2128.07
2000-08-01 00:01:00 PDT,+2421.43,-45.4845,-1252.23,-2082.39,-1185.5,+2114.73
2000-08-01 00:02:00 PDT,+2421.68,-45.1183,-1244.35,-2069.14,-1185.42,+2114.87
2000-08-01 00:03:00 PDT,+2421.7,-45.0862,-1244.3,-2069.18,-1185.48,+2114.85
2000-08-01 00:04:00 PDT,+2423.45,-46.2954,-1241.47,-2071.94,-1183.15,+2113.96
2000-08-01 00:05:00 PDT,+2412.55,-38.5765,-1216.34,-2051.02,-1171.91,+2080.25
2000-08-01 00:06:00 PDT,+2413.65,-40.4565,-1213.34,-2055.21,-1172.25,+2078.38
2000-08-01 00:07:00 PDT,+2414.35,-36.5302,-1213.12,-2053.89,-1174.4,+2079.35
2000-08-01 00:08:00 PDT,+2412.72,-37.0366,-1214.27,-2054.75,-1178.86,+2078.26
2000-08-01 00:09:00 PDT,+2413.72,-31.427,-1214.32,-2052.14,-1180.95,+2080.03
2000-08-01 00:10:00 PDT,+2416.07,-28.8943,-1211.22,-2053.61,-1180.83,+2080.09
2000-08-01 00:11:00 PDT,+2416.5,-30.1623,-1209.58,-2056.26,-1181.61,+2078.8
2000-08-01 00:12:00 PDT,+2417.95,-30.5092,-1206.68,-2059.36,-1181.83,+2077.63
2000-08-01 00:13:00 PDT,+2418.76,-31.3678,-1204.99,-2061.31,-1181.34,+2076.85
2000-08-01 00:14:00 PDT,+2418.26,-32.8663,-1205.08,-2062.24,-1181.69,+2076.15
2000-08-01 00:15:00 PDT,+2419.35,-29.8422,-1204.62,-2060.76,-1181.33,+2077.37
2000-08-01 00:16:00 PDT,+2418.54,-29.9312,-1205.34,-2060.76,-1183.16,+2077.05
2000-08-01 00:17:00 PDT,+2418.5,-29.9869,-1205.31,-2060.88,-1183.26,+2076.99
2000-08-01 00:18:00 PDT,+2419.27,-29.7619,-1204.62,-2060.79,-1181.65,+2077.32
2000-08-01 00:19:00 PDT,+2419.4,-29.5883,-1204.54,-2060.76,-1181.6,+2077.37
2000-08-01 00:20:00 PDT,+2418.85,-31.0833,-1204.72,-2061.63,-1181.95,+2076.7
2000-08-01 00:21:00 PDT,+2418.76,-31.1448,-1204.72,-2061.74,-1182.09,+2076.62
2000-08-01 00:22:00 PDT,+2418.83,-31.2066,-1204.61,-2061.72,-1181.77,+2076.56
2000-08-01 00:23:00 PDT,+2417.99,-31.6787,-1205.22,-2061.96,-1183.16,+2076.06
2000-08-01 00:24:00 PDT,+2417.09,-30.4977,-1206.62,-2060.03,-1183.71,+2076.9
2000-08-01 00:25:00 PDT,+2417.19,-30.1792,-1206.65,-2059.61,-1183.58,+2077.08
2000-08-01 00:26:00 PDT,+2417.38,-29.9988,-1206.46,-2059.77,-1183.72,+2077.08
2000-08-01 00:27:00 PDT,+2416.93,-29.1354,-1207.53,-2058.48,-1184.38,+2077.67
2000-08-01 00:28:00 PDT,+2418.29,-26.7864,-1206.73,-2057.62,-1183.78,+2078.55
2000-08-01 00:29:00 PDT,+2418.67,-26.3551,-1206.45,-2057.64,-1183.77,+2078.66
2000-08-01 00:30:00 PDT,+2418.06,-27.7431,-1206.69,-2058.52,-1184.39,+2078.06
2000-08-01 00:31:00 PDT,+2417.68,-27.2313,-1207.55,-2057.52,-1184.64,+2078.45
2000-08-01 00:32:00 PDT,+2417.71,-27.082,-1207.5,-2057.56,-1184.8,+2078.47
2000-08-01 00:33:00 PDT,+2418.44,-27.0545,-1206.74,-2057.78,-1183.27,+2078.68
2000-08-01 00:34:00 PDT,+2419.1,-27.2501,-1205.67,-2058.81,-1182.91,+2078.35
2000-08-01 00:35:00 PDT,+2419.16,-27.0903,-1205.63,-2058.77,-1182.95,+2078.39
2000-08-01 00:36:00 PDT,+2418.88,-26.8894,-1206.13,-2058.25,-1183.13,+2078.58
2000-08-01 00:37:00 PDT,+2419.41,-27.3362,-1205.08,-2059.37,-1182.78,+2078.13
2000-08-01 00:38:00 PDT,+2419.51,-27.1142,-1205.01,-2059.29,-1182.73,+2078.21
2000-08-01 00:39:00 PDT,+2420.03,-25.699,-1204.72,-2058.6,-1182.36,+2078.77
2000-08-01 00:40:00 PDT,+2419.02,-25.2653,-1206.19,-2057.55,-1184.05,+2078.87
2000-08-01 00:41:00 PDT,+2419.45,-25.4849,-1205.3,-2058.38,-1184.02,+2078.6
2000-08-01 00:42:00 PDT,+2419.45,-25.5015,-1205.13,-2058.35,-1184.11,+2078.6
2000-08-01 00:43:00 PDT,+2418.97,-25.221,-1206,-2057.6,-1184.48,+2078.87
2000-08-01 00:44:00 PDT,+2419.17,-25.3998,-1205.63,-2058.33,-1184.55,+2078.63
2000-08-01 00:45:00 PDT,+2419.61,-25.7896,-1204.74,-2059.21,-1184.24,+2078.28
2000-08-01 00:46:00 PDT,+2419.38,-26.8465,-1204.67,-2059.9,-1184.14,+2077.79
2000-08-01 00:47:00 PDT,+2419.27,-27.0577,-1204.68,-2060.05,-1184.18,+2077.69
2000-08-01 00:48:00 PDT,+2419.32,-26.6925,-1204.77,-2059.71,-1184.35,+2077.88
2000-08-01 00:49:00 PDT,+2419.1,-27.2529,-1204.77,-2060.06,-1184.16,+2077.61
2000-08-01 00:50:00 PDT,+2419.52,-27.9866,-1203.74,-2061.38,-1183.76,+2077.03
2000-08-01 00:51:00 PDT,+2419.72,-27.6584,-1203.65,-2061.16,-1183.57,+2077.16
2000-08-01 00:52:00 PDT,+2419.69,-28.0427,-1203.51,-2061.56,-1183.33,+2076.93
2000-08-01 00:53:00 PDT,+2419.96,-26.7152,-1203.55,-2060.61,-1183.43,+2077.54
2000-08-01 00:54:00 PDT,+2420.01,-26.7205,-1203.51,-2060.54,-1183.21,+2077.53
2000-08-01 00:55:00 PDT,+2419.48,-27.7096,-1203.9,-2060.78,-1183.63,+2077.19
2000-08-01 00:56:00 PDT,+2419.49,-27.0887,-1204.09,-2060.22,-1184.11,+2077.53
2000-08-01 00:57:00 PDT,+2419.18,-27.2738,-1204.3,-2060.19,-1184.34,+2077.49
2000-08-01 00:58:00 PDT,+2419.48,-27.483,-1203.84,-2060.91,-1184.13,+2077.22
2000-08-01 00:59:00 PDT,+2419.81,-26.9903,-1203.68,-2060.71,-1184.08,+2077.42
2000-08-01 01:00:00 PDT,+2419.64,-27.4191,-1203.52,-2061.31,-1184.32,+2077.11
2000-08-01 01:01:00 PDT,+2419.91,-27.2792,-1203.3,-2061.37,-1184.05,+2077.12
2000-08-01 01:02:00 PDT,+2420.71,-25.3089,-1203.02,-2060.23,-1183.75,+2077.96
2000-08-01 01:03:00 PDT,+2420.8,-25.6201,-1202.77,-2060.78,-1183.61,+2077.72
2000-08-01 01:04:00 PDT,+2420.91,-25.6603,-1202.62,-2060.98,-1183.55,+2077.65
2000-08-01 01:05:00 PDT,+2419.23,-27.9725,-1204.23,-2061.16,-1184.57,+2076.95
2000-08-01 01:06:00 PDT,+2419.44,-27.9053,-1204.03,-2061.28,-1184.35,+2076.92
2000-08-01 01:07:00 PDT,+2419.53,-27.9211,-1203.91,-2061.38,-1184.21,+2076.88
2000-08-01 01:08:00 PDT,+2418.8,-27.4544,-1205.12,-2060.22,-1184.96,+2077.33
2000-08-01 01:09:00 PDT,+2418.64,-27.227,-1205.36,-2059.8,-1185.21,+2077.51
2000-08-01 01:10:00 PDT,+2418.6,-27.2486,-1205.38,-2059.84,-1185.33,+2077.49
2000-08-01 01:11:00 PDT,+2418.45,-25.5074,-1206.25,-2057.95,-1185.35,+2078.46
2000-08-01 01:12:00 PDT,+2418.53,-25.3071,-1206.22,-2057.86,-1185.44,+2078.55
2000-08-01 01:13:00 PDT,+2419.36,-25.7463,-1205.19,-2058.34,-1182.98,+2078.76
2000-08-01 01:14:00 PDT,+2420.31,-27.1664,-1203,-2061.13,-1182.32,+2077.62
2000-08-01 01:15:00 PDT,+2420.92,-25.7769,-1202.64,-2060.63,-1182.05,+2078.13
2000-08-01 01:16:00 PDT,+2421.77,-25.8002,-1201.51,-2061.29,-1181.26,+2077.91
2000-08-01 01:17:00 PDT,+2421.63,-24.7885,-1202.38,-2059.75,-1181.22,+2078.57
2000-08-01 01:18:00 PDT,+2421.67,-24.8865,-1202.29,-2059.9,-1181.1,+2078.49
2000-08-01 01:19:00 PDT,+2421.63,-24.8223,-1202.35,-2059.82,-1181.22,+2078.54
2000-08-01 01:20:00 PDT,+2421.65,-24.5316,-1202.42,-2059.59,-1181.44,+2078.68
2000-08-01 01:21:00 PDT,+2421.46,-24.1041,-1202.76,-2058.97,-1181.89,+2078.97
2000-08-01 01:22:00 PDT,+2420.2,-24.2869,-1203.91,-2058.93,-1184.64,+2078.46
2000-08-01 01:23:00 PDT,+2420.21,-24.3469,-1203.85,-2059.11,-1184.75,+2078.39
2000-08-01 01:24:00 PDT,+2420.02,-24.4112,-1204,-2059.07,-1184.96,+2078.39
2000-08-01 01:25:00 PDT,+2419.83,-25.0286,-1203.93,-2059.61,-1184.85,+2078.07
2000-08-01 01:26:00 PDT,+2420,-24.5672,-1203.93,-2059.27,-1184.95,+2078.28
2000-08-01 01:27:00 PDT,+2420.85,-24.9088,-1202.58,-2060.63,-1184.41,+2077.82
2000-08-01 01:28:00 PDT,+2420.26,-26.5214,-1202.79,-2061.6,-1184.83,+2077.12
2000-08-01 01:29:00 PDT,+2420.62,-26.4927,-1202.43,-2061.83,-1184.35,+2077.04
2000-08-01 01:30:00 PDT,+2419.89,-25.4105,-1204.04,-2059.83,-1185.02,+2077.88
2000-08-01 01:31:00 PDT,+2419.74,-25.4305,-1204.2,-2059.61,-1185.03,+2077.91
2000-08-01 01:32:00 PDT,+2419.6,-25.6373,-1204.27,-2059.54,-1184.76,+2077.84
2000-08-01 01:33:00 PDT,+2419.41,-25.9184,-1204.31,-2059.84,-1185.02,+2077.69
2000-08-01 01:34:00 PDT,+2418.47,-24.7669,-1206.28,-2057.68,-1185.97,+2078.6
2000-08-01 01:35:00 PDT,+2418.09,-25.1381,-1206.5,-2057.76,-1186.14,+2078.47
2000-08-01 01:36:00 PDT,+2418.91,-23.4015,-1206.04,-2057.07,-1185.79,+2079.14
2000-08-01 01:37:00 PDT,+2418.98,-24.729,-1205.69,-2058.03,-1185.09,+2078.68
2000-08-01 01:38:00 PDT,+2418.84,-26.4521,-1205.42,-2058.85,-1183.7,+2078.2
2000-08-01 01:39:00 PDT,+2418.34,-27.685,-1205.7,-2059.29,-1183.88,+2077.72
2000-08-01 01:40:00 PDT,+2418.37,-28.5832,-1205.56,-2059.89,-1183.65,+2077.29
2000-08-01 01:41:00 PDT,+2418.55,-28.5162,-1205.36,-2060.08,-1183.59,+2077.27
2000-08-01 01:42:00 PDT,+2419.37,-29.4516,-1203.54,-2062.16,-1183.23,+2076.46
2000-08-01 01:43:00 PDT,+2419.86,-29.3411,-1203.12,-2061.89,-1181.84,+2076.8
2000-08-01 01:44:00 PDT,+2420.22,-27.6319,-1203.21,-2060.67,-1181.92,+2077.6
2000-08-01 01:45:00 PDT,+2420.66,-25.6992,-1203.4,-2059.26,-1181.8,+2078.52
2000-08-01 01:46:00 PDT,+2420.61,-24.681,-1203.56,-2058.91,-1182.73,+2078.75
2000-08-01 01:47:00 PDT,+2420.66,-24.5649,-1203.57,-2058.71,-1182.59,+2078.82
2000-08-01 01:48:00 PDT,+2421.33,-23.1343,-1203.2,-2058.06,-1182.09,+2079.37
2000-08-01 01:49:00 PDT,+2421.56,-23.1707,-1202.91,-2058.5,-1182.06,+2079.26
2000-08-01 01:50:00 PDT,+2421.08,-26.4616,-1202.59,-2060.61,-1181.05,+2078.02
2000-08-01 01:51:00 PDT,+2421.01,-30.3216,-1201.06,-2064.09,-1180.66,+2076
2000-08-01 01:52:00 PDT,+2420.38,-31.8284,-1201.33,-2064.99,-1181.26,+2075.36
2000-08-01 01:53:00 PDT,+2419.87,-33.2142,-1201.6,-2065.61,-1181.56,+2074.8
2000-08-01 01:54:00 PDT,+2418.93,-33.4713,-1202.42,-2065.52,-1183.2,+2074.51
2000-08-01 01:55:00 PDT,+2419.13,-32.7919,-1202.83,-2064.39,-1182.13,+2075.24
2000-08-01 01:56:00 PDT,+2418.13,-33.9982,-1203.88,-2064.4,-1182.7,+2074.9
2000-08-01 01:57:00 PDT,+2418.41,-31.8631,-1204.42,-2062.61,-1182.55,+2075.96
2000-08-01 01:58:00 PDT,+2416.75,-32.469,-1206.41,-2061.8,-1184.73,+2075.74
2000-08-01 01:59:00 PDT,+2416.16,-34.2056,-1206.61,-2062.64,-1184.81,+2075.02
2000-08-01 02:00:00 PDT,+2415.43,-34.6784,-1207.7,-2062.14,-1185.5,+2075.02
2000-08-01 02:01:00 PDT,+2415.09,-34.32,-1208.19,-2061.8,-1186.73,+2074.95
2000-08-01 02:02:00 PDT,+2413.54,-37.9123,-1208.9,-2063.51,-1187.29,+2073.47
2000-08-01 02:03:00 PDT,+2413.69,-36.5545,-1209,-2062.63,-1187.6,+2074.11
2000-08-01 02:04:00 PDT,+2413.35,-36.0746,-1209.52,-2062.22,-1188.99,+2074.11
2000-08-01 02:05:00 PDT,+2413.02,-36.2748,-1209.71,-2062.33,-1189.36,+2074.03
2000-08-01 02:06:00 PDT,+2413.48,-35.5986,-1209.83,-2061.39,-1187.94,+2074.74
2000-08-01 02:07:00 PDT,+2413.88,-35.2922,-1209.59,-2060.98,-1187.07,+2075.06
2000-08-01 02:08:00 PDT,+2414.68,-34.2642,-1208.64,-2060.92,-1186.59,+2075.35
2000-08-01 02:09:00 PDT,+2414.89,-32.4191,-1209.51,-2058.63,-1185.14,+2076.69
2000-08-01 02:10:00 PDT,+2416.9,-30.8213,-1207.88,-2058.05,-1181.6,+2077.78
2000-08-01 02:11:00 PDT,+2416.1,-33.1765,-1208.24,-2059.31,-1182.22,+2076.8
2000-08-01 02:12:00 PDT,+2416.81,-33.0576,-1207.6,-2059.31,-1180.69,+2077.02
2000-08-01 02:13:00 PDT,+2417.43,-31.957,-1207.11,-2058.76,-1179.62,+2077.73
2000-08-01 02:14:00 PDT,+2417.97,-32.3301,-1206.12,-2059.71,-1179.22,+2077.36
2000-08-01 02:15:00 PDT,+2418.21,-30.571,-1206.43,-2058.38,-1179.28,+2078.21
2000-08-01 02:16:00 PDT,+2417.92,-30.1806,-1207.19,-2057.41,-1178.77,+2078.71
2000-08-01 02:17:00 PDT,+2417.23,-30.5158,-1208.61,-2056.08,-1178.01,+2079.21
2000-08-01 02:18:00 PDT,+2418.42,-25.2485,-1208.98,-2052.33,-1177.61,+2081.67
2000-08-01 02:19:00 PDT,+2417.69,-23.512,-1211.34,-2048.67,-1176.86,+2083.31
2000-08-01 02:20:00 PDT,+2414.81,-26.7917,-1214.22,-2048.75,-1179.52,+2082.13
2000-08-01 02:21:00 PDT,+2415.37,-22.8337,-1214.97,-2045.93,-1180.44,+2083.75
2000-08-01 02:22:00 PDT,+2416.64,-22.675,-1213.82,-2045.75,-1177.28,+2084.31
2000-08-01 02:23:00 PDT,+2416.11,-22.4873,-1214.41,-2045.36,-1178.5,+2084.34
2000-08-01 02:24:00 PDT,+2410.01,-28.896,-1227.29,-2056.51,-1181.48,+2080.82
2000-08-01 02:25:00 PDT,+2408.74,-31.8759,-1228.29,-2057.07,-1180.66,+2080.06
2000-08-01 02:26:00 PDT,+2408.26,-32.9837,-1228.72,-2057.53,-1180.94,+2079.63
2000-08-01 02:27:00 PDT,+2407.35,-34.1664,-1229.36,-2058.28,-1182.68,+2078.89
2000-08-01 02:28:00 PDT,+2407.04,-35.0237,-1229.89,-2057.83,-1181.55,+2078.99
2000-08-01 02:29:00 PDT,+2407.73,-36.9965,-1228.59,-2059.22,-1178.64,+2078.52
2000-08-01 02:30:00 PDT,+2407.7,-37.1674,-1228.22,-2060.11,-1180.03,+2078.02
2000-08-01 02:31:00 PDT,+2406.65,-38.5459,-1229.05,-2060.74,-1181.62,+2077.25
2000-08-01 02:32:00 PDT,+2405.93,-39.9677,-1229.62,-2061.22,-1181.77,+2076.7
2000-08-01 02:33:00 PDT,+2403.4,-42.5797,-1231.95,-2061.49,-1184.45,+2075.69
2000-08-01 02:34:00 PDT,+2403.3,-42.7524,-1231.62,-2062.24,-1185.67,+2075.19
2000-08-01 02:35:00 PDT,+2401.3,-47.4331,-1232.61,-2064.25,-1186.26,+2073.46
2000-08-01 02:36:00 PDT,+2400.58,-45.8343,-1234.83,-2060.85,-1185.68,+2075.05
2000-08-01 02:37:00 PDT,+2402.67,-46.4793,-1232.02,-2062.73,-1182.28,+2074.84
2000-08-01 02:38:00 PDT,+2404.55,-45.7557,-1229.91,-2063.6,-1179.71,+2075.04
2000-08-01 02:39:00 PDT,+2406.39,-45.3286,-1227.38,-2065.24,-1178.14,+2074.85
2000-08-01 02:40:00 PDT,+2407.11,-46.495,-1225.43,-2068.12,-1178.86,+2073.52
2000-08-01 02:41:00 PDT,+2409.64,-45.1107,-1223.1,-2068.08,-1174.73,+2074.36
2000-08-01 02:42:00 PDT,+2408.04,-45.3208,-1225.46,-2066.23,-1175.83,+2074.8
2000-08-01 02:43:00 PDT,+2407.83,-46.0421,-1225.87,-2065.73,-1174.75,+2074.95
2000-08-01 02:44:00 PDT,+2407.66,-44.2737,-1226,-2065.55,-1177.11,+2075
2000-08-01 02:45:00 PDT,+2408.04,-45.5572,-1225.43,-2066.08,-1174.95,+2074.97
2000-08-01 02:46:00 PDT,+2407.92,-44.1009,-1225.82,-2065.2,-1176.16,+2075.41
2000-08-01 02:47:00 PDT,+2407.1,-42.2832,-1227.37,-2063.15,-1177.95,+2076.22
2000-08-01 02:48:00 PDT,+2406.51,-43.8463,-1228.15,-2062.93,-1177.23,+2076.09
2000-08-01 02:49:00 PDT,+2405.18,-43.845,-1230.22,-2061.18,-1178.38,+2076.55
2000-08-01 02:50:00 PDT,+2404.35,-44.6554,-1231.26,-2060.82,-1178.53,+2076.39
2000-08-01 02:51:00 PDT,+2404.48,-42.2682,-1232.28,-2058.28,-1178.43,+2077.7
2000-08-01 02:52:00 PDT,+2402.78,-42.0909,-1235.2,-2055.58,-1179.03,+2078.68
2000-08-01 02:53:00 PDT,+2403.73,-41.2299,-1233.97,-2056.41,-1179.05,+2078.54
2000-08-01 02:54:00 PDT,+2403.42,-41.4868,-1234.33,-2056.35,-1179.14,+2078.49
2000-08-01 02:55:00 PDT,+2402.85,-41.7329,-1235.17,-2055.44,-1178.39,+2078.91
2000-08-01 02:56:00 PDT,+2401.61,-46.7704,-1234.03,-2060.71,-1180.96,+2075.64
2000-08-01 02:57:00 PDT,+2399.24,-48.9124,-1236.32,-2060.73,-1183.71,+2074.76
2000-08-01 02:58:00 PDT,+2399.08,-47.5321,-1237.36,-2058.74,-1184,+2075.67
2000-08-01 02:59:00 PDT,+2397.47,-45.5119,-1240.66,-2054.85,-1185.88,+2077
2000-08-01 03:00:00 PDT,+2398.9,-41.1746,-1241.2,-2050.51,-1182.94,+2079.82
2000-08-01 03:01:00 PDT,+2399.55,-44.3483,-1239.57,-2053.02,-1180.01,+2078.75
2000-08-01 03:02:00 PDT,+2400.08,-42.7951,-1239.21,-2052.67,-1180.79,+2079.06
2000-08-01 03:03:00 PDT,+2401.45,-41.2844,-1238.13,-2051.97,-1178.94,+2079.89
2000-08-01 03:04:00 PDT,+2402.73,-42.781,-1235.85,-2054.29,-1176.15,+2079.35
2000-08-01 03:05:00 PDT,+2403.54,-49.6526,-1231.79,-2062.16,-1174.61,+2075.39
2000-08-01 03:06:00 PDT,+2404.03,-50.8112,-1231.16,-2062.49,-1172.13,+2075.39
2000-08-01 03:07:00 PDT,+2403.66,-53.457,-1230.08,-2065.72,-1173.54,+2073.64
2000-08-01 03:08:00 PDT,+2404.56,-50.4928,-1228.82,-2066.06,-1176.53,+2073.61
2000-08-01 03:09:00 PDT,+2402.62,-55.6624,-1229.7,-2068.18,-1176.61,+2071.86
2000-08-01 03:10:00 PDT,+2403.76,-52.5515,-1229.42,-2066.38,-1176.13,+2073.2
2000-08-01 03:11:00 PDT,+2401.45,-53.3039,-1232.22,-2065.69,-1179.43,+2072.68
2000-08-01 03:12:00 PDT,+2403.55,-54.1154,-1229.62,-2067,-1174.48,+2072.84
2000-08-01 03:13:00 PDT,+2405.4,-54.2135,-1227.8,-2067.05,-1169.63,+2073.47
2000-08-01 03:14:00 PDT,+2402.06,-60.3988,-1229.69,-2070.09,-1172.52,+2070.75
2000-08-01 03:15:00 PDT,+2403.82,-60.5044,-1227.62,-2071.11,-1169.82,+2070.81
2000-08-01 03:16:00 PDT,+2406.78,-55.543,-1226.08,-2068.05,-1166.01,+2073.44
2000-08-01 03:17:00 PDT,+2404.72,-58.4416,-1227.66,-2068.99,-1168.04,+2072.2
2000-08-01 03:18:00 PDT,+2403.3,-51.6785,-1228.56,-2063.1,-1173.48,+2088.26
2000-08-01 03:19:00 PDT,+2402.99,-51.0982,-1229.41,-2062.06,-1173.68,+2088.7
2000-08-01 03:20:00 PDT,+2402.24,-49.2066,-1231.04,-2060.07,-1175.49,+2089.51
2000-08-01 03:21:00 PDT,+2402.09,-47.9615,-1231.36,-2059.56,-1176.93,+2089.77
2000-08-01 03:22:00 PDT,+2400.55,-50.1682,-1232.76,-2059.93,-1177.81,+2089.07
2000-08-01 03:23:00 PDT,+2398.99,-54.0621,-1232.85,-2063.01,-1179.85,+2086.96
2000-08-01 03:24:00 PDT,+2396.82,-54.9993,-1235.18,-2062.33,-1182.97,+2086.55
2000-08-01 03:25:00 PDT,+2397.01,-51.5906,-1236.08,-2059.55,-1184.16,+2088
2000-08-01 03:26:00 PDT,+2396.21,-51.4202,-1236.86,-2059.42,-1186.25,+2087.87
2000-08-01 03:27:00 PDT,+2396.33,-53.5077,-1236.31,-2060.28,-1183.65,+2087.55
2000-08-01 03:28:00 PDT,+2395.51,-58.4419,-1235.63,-2063.73,-1182.84,+2085.4
2000-08-01 03:29:00 PDT,+2394.82,-59.6107,-1236.16,-2064.24,-1183.41,+2084.95
2000-08-01 03:30:00 PDT,+2394.01,-63.3777,-1236.22,-2066.03,-1182.29,+2083.65
2000-08-01 03:31:00 PDT,+2392.03,-69.6219,-1236.41,-2070,-1182.95,+2080.84
2000-08-01 03:32:00 PDT,+2393.19,-72.0878,-1234.8,-2071.57,-1178.54,+2080.43
2000-08-01 03:33:00 PDT,+2393.67,-69.4485,-1235.79,-2068.46,-1177.22,+2082.2
2000-08-01 03:34:00 PDT,+2395.38,-64.4174,-1234.7,-2066.85,-1178.75,+2083.57
2000-08-01 03:35:00 PDT,+2397.12,-63.2413,-1232.72,-2067.48,-1177.46,+2083.72
2000-08-01 03:36:00 PDT,+2396.29,-65.8494,-1233.1,-2068.24,-1176.35,+2083.01
2000-08-01 03:37:00 PDT,+2394.68,-66.9946,-1234.85,-2067.86,-1177.99,+2082.67
2000-08-01 03:38:00 PDT,+2393.89,-67.1265,-1235.71,-2067.85,-1179.51,+2082.41
2000-08-01 03:39:00 PDT,+2394.66,-66.7896,-1234.52,-2068.92,-1179.24,+2082.24
2000-08-01 03:40:00 PDT,+2395.16,-62.7336,-1235.44,-2065.72,-1180.27,+2084.01
2000-08-01 03:41:00 PDT,+2395.28,-61.5581,-1235.51,-2065.02,-1180.63,+2084.55
2000-08-01 03:42:00 PDT,+2398,-55.3785,-1233.86,-2062.55,-1179.63,+2086.97
2000-08-01 03:43:00 PDT,+2399.53,-49.928,-1234.07,-2058.48,-1178.82,+2089.54
2000-08-01 03:44:00 PDT,+2401.4,-49.9773,-1231.18,-2060.93,-1177.53,+2088.86
2000-08-01 03:45:00 PDT,+2401.65,-41.3457,-1233.9,-2053.98,-1180.16,+2092.67
2000-08-01 03:46:00 PDT,+2401.39,-40.0231,-1234.28,-2053.81,-1182.26,+2092.74
2000-08-01 03:47:00 PDT,+2401.98,-43.2812,-1231.58,-2058.76,-1182.7,+2090.27
2000-08-01 03:48:00 PDT,+2404.69,-38.5611,-1229.92,-2056.5,-1180.13,+2092.39
2000-08-01 03:49:00 PDT,+2402.71,-39.3441,-1231.18,-2058.13,-1186.21,+2090.85
2000-08-01 03:50:00 PDT,+2402.08,-39.0203,-1232.18,-2056.96,-1186.54,+2091.31
2000-08-01 03:51:00 PDT,+2402.99,-34.9095,-1232.12,-2054.7,-1187.21,+2092.83
2000-08-01 03:52:00 PDT,+2403.43,-32.0194,-1232.26,-2053.04,-1188.17,+2093.86
2000-08-01 03:53:00 PDT,+2405.92,-33.076,-1227.9,-2057.26,-1186.13,+2092.4
2000-08-01 03:54:00 PDT,+2404.41,-36.6946,-1229.04,-2058.28,-1185.71,+2091.36
2000-08-01 03:55:00 PDT,+2402.82,-37.6841,-1230.8,-2058.04,-1187.87,+2090.92
2000-08-01 03:56:00 PDT,+2405.31,-38.742,-1227.42,-2060.64,-1184.01,+2090.41
2000-08-01 03:57:00 PDT,+2406.84,-35.46,-1225.63,-2061.11,-1185.73,+2090.75
2000-08-01 03:58:00 PDT,+2405.75,-38.3495,-1226.24,-2062.23,-1185.43,+2089.84
2000-08-01 03:59:00 PDT,+2404.59,-36.1831,-1228.38,-2059.6,-1187.75,+2090.93
2000-08-01 04:00:00 PDT,+2403.59,-37.376,-1230.17,-2057.6,-1186.08,+2091.61
2000-08-01 04:01:00 PDT,+2404.39,-32.4259,-1230.98,-2053.77,-1185.91,+2094.02
2000-08-01 04:02:00 PDT,+2403.44,-33.5909,-1232.03,-2053.67,-1186.23,+2093.72
2000-08-01 04:03:00 PDT,+2402.46,-35.7511,-1232.46,-2055.11,-1187.22,+2092.47
2000-08-01 04:04:00 PDT,+2406.12,-34.0736,-1228.02,-2057.27,-1183.86,+2092.59
2000-08-01 04:05:00 PDT,+2407.67,-32.5597,-1226.66,-2056.88,-1181.98,+2093.33
2000-08-01 04:06:00 PDT,+2408.3,-29.4645,-1226.73,-2055.05,-1182.63,+2094.56
2000-08-01 04:07:00 PDT,+2409.64,-27.1557,-1226.85,-2051.83,-1178.31,+2096.71
2000-08-01 04:08:00 PDT,+2409.23,-28.0617,-1226.58,-2053.39,-1179.94,+2095.77
2000-08-01 04:09:00 PDT,+2404.81,-34.0681,-1230.67,-2053.72,-1182.46,+2094.01
2000-08-01 04:10:00 PDT,+2404.44,-34.9611,-1230.99,-2053.77,-1182.5,+2093.73
2000-08-01 04:11:00 PDT,+2406.12,-32.8624,-1229.57,-2053.67,-1180.68,+2094.48
2000-08-01 04:12:00 PDT,+2405.03,-36.1008,-1229.9,-2055.68,-1181.09,+2092.98
2000-08-01 04:13:00 PDT,+2404.1,-35.1771,-1231.33,-2054.58,-1183.85,+2093.07
2000-08-01 04:14:00 PDT,+2401.75,-34.6107,-1234.11,-2053.37,-1188.93,+2092.86
2000-08-01 04:15:00 PDT,+2399.94,-39.6857,-1234.39,-2056.73,-1190.42,+2090.61
2000-08-01 04:16:00 PDT,+2399.56,-45.8394,-1232.47,-2062.07,-1189.03,+2087.71
2000-08-01 04:17:00 PDT,+2399.37,-45.7321,-1232.56,-2062.13,-1190.04,+2087.47
2000-08-01 04:18:00 PDT,+2399.4,-45.1893,-1232.77,-2061.35,-1190.26,+2087.84
2000-08-01 04:19:00 PDT,+2399.03,-47.5017,-1231.86,-2064.09,-1191.53,+2086.28
2000-08-01 04:20:00 PDT,+2400.39,-48.7843,-1229.41,-2066.75,-1189.92,+2085.3
2000-08-01 04:21:00 PDT,+2398.23,-53.886,-1229.95,-2070.69,-1192.9,+2082.36
2000-08-01 04:22:00 PDT,+2396.86,-55.9786,-1231.49,-2070.41,-1192.6,+2082.12
2000-08-01 04:23:00 PDT,+2398.02,-52.2892,-1231.7,-2067.2,-1190.98,+2084.24
2000-08-01 04:24:00 PDT,+2399.9,-52.3436,-1228.65,-2069.74,-1189.89,+2083.55
2000-08-01 04:25:00 PDT,+2400.69,-50.7484,-1228.24,-2069.04,-1189.45,+2084.16
2000-08-01 04:26:00 PDT,+2400.93,-51.496,-1227.57,-2069.65,-1188.14,+2083.99
2000-08-01 04:27:00 PDT,+2401.42,-49.3167,-1227.47,-2068.4,-1188.12,+2084.96
2000-08-01 04:28:00 PDT,+2401.49,-47.2563,-1227.35,-2068.56,-1191.25,+2084.76
2000-08-01 04:29:00 PDT,+2399.51,-45.646,-1231.71,-2063.31,-1191.36,+2086.86
2000-08-01 04:30:00 PDT,+2400.69,-43.5833,-1231.27,-2061.77,-1189.49,+2088.07
2000-08-01 04:31:00 PDT,+2403.48,-41.5757,-1227.88,-2063.05,-1187.86,+2088.29
2000-08-01 04:32:00 PDT,+2406.4,-39.08,-1225.1,-2062.93,-1184.2,+2089.52
2000-08-01 04:33:00 PDT,+2405.51,-38.2345,-1226.88,-2060.92,-1184.78,+2090.3
2000-08-01 04:34:00 PDT,+2404.64,-38.8445,-1227.51,-2061.49,-1186.65,+2089.81
2000-08-01 04:35:00 PDT,+2404.21,-40.7987,-1227.14,-2062.98,-1186.88,+2088.87
2000-08-01 04:36:00 PDT,+2404.72,-41.2036,-1226.36,-2063.38,-1185.42,+2088.89
2000-08-01 04:37:00 PDT,+2404.24,-41.7251,-1226.3,-2064.77,-1187.89,+2087.87
2000-08-01 04:38:00 PDT,+2406.13,-41.0006,-1224.14,-2065.74,-1185.63,+2088.04
2000-08-01 04:39:00 PDT,+2407.44,-40.751,-1222.06,-2067.43,-1185.04,+2087.7
2000-08-01 04:40:00 PDT,+2406.62,-37.2972,-1225.11,-2062.45,-1185.43,+2089.95
2000-08-01 04:41:00 PDT,+2408.08,-34.0047,-1224.42,-2060.74,-1184.53,+2091.31
2000-08-01 04:42:00 PDT,+2409.37,-33.2115,-1222.9,-2061.24,-1183.13,+2091.68
2000-08-01 04:43:00 PDT,+2410.81,-32.1442,-1221.43,-2061.43,-1181.26,+2092.17
2000-08-01 04:44:00 PDT,+2413.05,-29.851,-1219.24,-2061.26,-1178.74,+2093.08
2000-08-01 04:45:00 PDT,+2413.11,-27.5012,-1219.69,-2059.78,-1179.81,+2093.86
2000-08-01 04:46:00 PDT,+2411.39,-30.8488,-1220.28,-2062.48,-1182.95,+2091.76
2000-08-01 04:47:00 PDT,+2410.37,-33.0333,-1221.31,-2062.83,-1182.72,+2091.17
2000-08-01 04:48:00 PDT,+2410.47,-33.0861,-1221.24,-2062.84,-1182.47,+2091.14
2000-08-01 04:49:00 PDT,+2409.08,-32.8943,-1223,-2061.72,-1184.4,+2091.25
2000-08-01 04:50:00 PDT,+2409.39,-30.715,-1223.6,-2059.77,-1184.44,+2092.38
2000-08-01 04:51:00 PDT,+2408.5,-31.0037,-1224.98,-2058.74,-1185.24,+2092.52
2000-08-01 04:52:00 PDT,+2407.45,-29.7591,-1227.14,-2056.14,-1185.99,+2093.57
2000-08-01 04:53:00 PDT,+2407.96,-29.3398,-1227.3,-2054.95,-1183.37,+2094.48
2000-08-01 04:54:00 PDT,+2409.76,-25.8387,-1226.69,-2052.26,-1180.15,+2096.7
2000-08-01 04:55:00 PDT,+2410.35,-25.0993,-1226.59,-2051.3,-1178.69,+2097.41
2000-08-01 04:56:00 PDT,+2409.68,-23.6345,-1228.31,-2048.71,-1179.39,+2098.52
2000-08-01 04:57:00 PDT,+2408.66,-25.5613,-1229.77,-2047.72,-1177.49,+2098.69
2000-08-01 04:58:00 PDT,+2406.41,-28.2143,-1231.76,-2048.46,-1179.98,+2097.53
2000-08-01 04:59:00 PDT,+2404.91,-28.3978,-1234.07,-2046.64,-1181.03,+2097.98
2000-08-01 05:00:00 PDT,+2403.55,-27.6999,-1236.16,-2044.97,-1183.07,+2098.42
2000-08-01 05:01:00 PDT,+2402.73,-24.6507,-1238.71,-2040.71,-1183.71,+2100.41
2000-08-01 05:02:00 PDT,+2402.35,-29.6279,-1237.96,-2043.23,-1180.8,+2098.82
2000-08-01 05:03:00 PDT,+2402.16,-28.0444,-1238.47,-2042.15,-1182.25,+2099.37
2000-08-01 05:04:00 PDT,+2402.29,-32.4656,-1236.86,-2046.05,-1180.94,+2097.35
2000-08-01 05:05:00 PDT,+2401.79,-34.6021,-1236.61,-2048.01,-1181.41,+2096.21
2000-08-01 05:06:00 PDT,+2401.49,-33.6958,-1236.82,-2048.15,-1183.69,+2095.96
2000-08-01 05:07:00 PDT,+2400.97,-38.3482,-1235.97,-2051.4,-1182.57,+2094.03
2000-08-01 05:08:00 PDT,+2400.71,-39.5258,-1236.14,-2051.94,-1182.32,+2093.55
2000-08-01 05:09:00 PDT,+2401.82,-41.563,-1234.23,-2053.91,-1179.15,+2092.89
2000-08-01 05:10:00 PDT,+2403.6,-42.4922,-1231.41,-2056,-1176.4,+2092.41
2000-08-01 05:11:00 PDT,+2402.48,-41.9831,-1233.46,-2053.97,-1177.13,+2093.1
2000-08-01 05:12:00 PDT,+2401.14,-44.9938,-1235.29,-2053.06,-1174.5,+2093.18
2000-08-01 05:13:00 PDT,+2402.24,-44.4418,-1234.47,-2052.71,-1172.63,+2093.67
2000-08-01 05:14:00 PDT,+2403.14,-45.4711,-1232.65,-2055.1,-1172.21,+2092.72
2000-08-01 05:15:00 PDT,+2401.53,-50.9834,-1232.89,-2057.99,-1171.75,+2090.6
2000-08-01 05:16:00 PDT,+2399.74,-50.4853,-1235.1,-2056.84,-1175.29,+2090.64
2000-08-01 05:17:00 PDT,+2400.65,-55.5609,-1232.29,-2061.52,-1172.19,+2088.42
2000-08-01 05:18:00 PDT,+2399.16,-54.4422,-1235.04,-2058.45,-1173,+2089.54
2000-08-01 05:19:00 PDT,+2398.31,-51.6877,-1237.29,-2055.16,-1174.99,+2090.95
2000-08-01 05:20:00 PDT,+2398.23,-49.7184,-1238.02,-2053.62,-1176.07,+2091.7
2000-08-01 05:21:00 PDT,+2399.2,-50.3284,-1236.58,-2054.82,-1174.28,+2091.45
2000-08-01 05:22:00 PDT,+2397.16,-53.5856,-1237.71,-2056.65,-1176.84,+2089.85
2000-08-01 05:23:00 PDT,+2397.04,-50.0663,-1240.22,-2051.14,-1174.72,+2092.71
2000-08-01 05:24:00 PDT,+2397.78,-47.1734,-1241.01,-2047.85,-1172.82,+2094.69
2000-08-01 05:25:00 PDT,+2396.32,-49.2046,-1242.38,-2048,-1173.73,+2094.09
2000-08-01 05:26:00 PDT,+2394.64,-42.3889,-1248.26,-2038.25,-1175.15,+2098.59
2000-08-01 05:27:00 PDT,+2395.43,-41.7627,-1248.08,-2036.89,-1172.28,+2099.51
2000-08-01 05:28:00 PDT,+2389.42,-42.7786,-1255.01,-2034,-1181.73,+2098.92
2000-08-01 05:29:00 PDT,+2386.83,-42.8966,-1258.27,-2032.06,-1185.53,+2098.99
2000-08-01 05:30:00 PDT,+2384.48,-45.0436,-1261.34,-2030.12,-1185.83,+2099.14
2000-08-01 05:31:00 PDT,+2385.42,-48.2231,-1259.58,-2032.42,-1181.72,+2098.34
2000-08-01 05:32:00 PDT,+2382.94,-55.4102,-1260.53,-2036.17,-1181.93,+2095.5
2000-08-01 05:33:00 PDT,+2383.82,-57.0414,-1259.24,-2037.4,-1178.93,+2095.13
2000-08-01 05:34:00 PDT,+2381.22,-60.5439,-1261.41,-2038.22,-1181.3,+2093.69
2000-08-01 05:35:00 PDT,+2380.71,-65.0943,-1260.81,-2040.85,-1179.04,+2092.16
2000-08-01 05:36:00 PDT,+2379.79,-66.0322,-1262.04,-2040.06,-1178.51,+2092.31
2000-08-01 05:37:00 PDT,+2379.43,-71.4834,-1260.2,-2045.1,-1177.8,+2089.6
2000-08-01 05:38:00 PDT,+2377.82,-70.5134,-1262.81,-2042.47,-1179.84,+2090.37
2000-08-01 05:39:00 PDT,+2379.18,-70.8998,-1260.2,-2045.48,-1180.11,+2089.27
2000-08-01 05:40:00 PDT,+2381.04,-72.6878,-1257.72,-2047.31,-1175.29,+2088.94
2000-08-01 05:41:00 PDT,+2378.21,-79.7983,-1258.75,-2051.19,-1176.45,+2086.01
2000-08-01 05:42:00 PDT,+2381.54,-75.613,-1256.73,-2048.63,-1171.09,+2088.5
2000-08-01 05:43:00 PDT,+2382.72,-77.7461,-1254.68,-2050.86,-1167.84,+2087.74
2000-08-01 05:44:00 PDT,+2387.9,-73.7847,-1249.59,-2051.27,-1161.66,+2089.31
2000-08-01 05:45:00 PDT,+2387.38,-77.8278,-1248.45,-2054.96,-1161.75,+2087.19
2000-08-01 05:46:00 PDT,+2385.22,-80.997,-1251.41,-2053.14,-1159.73,+2087.3
2000-08-01 05:47:00 PDT,+2384.3,-81.2559,-1252.02,-2053.75,-1162.47,+2086.7
2000-08-01 05:48:00 PDT,+2382.51,-79.4276,-1255.31,-2049.99,-1164.71,+2088.03
2000-08-01 05:49:00 PDT,+2379.1,-79.9142,-1259.18,-2048.46,-1170.23,+2087.72
2000-08-01 05:50:00 PDT,+2378.68,-83.5747,-1258.08,-2051.92,-1170.18,+2085.78
2000-08-01 05:51:00 PDT,+2377.62,-82.1512,-1260.17,-2049.48,-1171.88,+2086.65
2000-08-01 05:52:00 PDT,+2379.93,-78.6073,-1257.95,-2049.66,-1171.88,+2087.36
2000-08-01 05:53:00 PDT,+2384.1,-73.0954,-1255.17,-2046.92,-1166.35,+2090.23
2000-08-01 05:54:00 PDT,+2384.09,-74.2107,-1255.02,-2047.31,-1165.14,+2089.99
2000-08-01 05:55:00 PDT,+2380.62,-78.662,-1258.2,-2047.62,-1167.14,+2088.68
2000-08-01 05:56:00 PDT,+2378.74,-80.1321,-1259.66,-2048.28,-1170.4,+2087.71
2000-08-01 05:57:00 PDT,+2377.81,-82.1226,-1259.72,-2050.15,-1172.1,+2086.46
2000-08-01 05:58:00 PDT,+2377.32,-81.6106,-1260.78,-2048.82,-1172.26,+2086.95
2000-08-01 05:59:00 PDT,+2375.9,-81.9353,-1262.04,-2048.93,-1175.31,+2086.46
2000-08-01 06:00:00 PDT,+2377.63,-73.1458,-1264.45,-2039.63,-1172.31,+2091.85
2000-08-01 06:01:00 PDT,+2375.89,-71.4623,-1267.57,-2036.15,-1174.58,+2093.05
2000-08-01 06:02:00 PDT,+2373.79,-73.7149,-1269.52,-2036.16,-1176.38,+2092.29
2000-08-01 06:03:00 PDT,+2392.86,-69.7155,-1265.81,-2036.2,-1172.93,+2093.61
2000-08-01 06:04:00 PDT,+2392.97,-71.1512,-1265.03,-2037.8,-1172.73,+2092.79
2000-08-01 06:05:00 PDT,+2392.17,-73.4662,-1265.54,-2038.36,-1171.85,+2092.23
2000-08-01 06:06:00 PDT,+2391.97,-70.8081,-1267.25,-2034.68,-1171.64,+2094.05
2000-08-01 06:07:00 PDT,+2392.91,-72.0337,-1265.31,-2037.22,-1170.79,+2093.05
2000-08-01 06:08:00 PDT,+2394.27,-68.2794,-1264.62,-2035.73,-1171.26,+2094.29
2000-08-01 06:09:00 PDT,+2394.79,-69.2278,-1263.37,-2037.51,-1170.85,+2093.57
2000-08-01 06:10:00 PDT,+2391.68,-70.3958,-1267.19,-2035.33,-1173.89,+2093.6
2000-08-01 06:11:00 PDT,+2392.16,-68.6658,-1267.36,-2033.88,-1173.46,+2094.53
2000-08-01 06:12:00 PDT,+2393.81,-70.4686,-1265.04,-2035.71,-1168.94,+2094.17
2000-08-01 06:13:00 PDT,+2392.64,-73.133,-1265.61,-2036.97,-1169.44,+2093.11
2000-08-01 06:14:00 PDT,+2390.52,-76.1289,-1267.87,-2036.41,-1169.35,+2092.65
2000-08-01 06:15:00 PDT,+2390.93,-78.8647,-1266.08,-2039.68,-1168.47,+2091.12
2000-08-01 06:16:00 PDT,+2392.57,-76.7715,-1264.64,-2039.54,-1167.4,+2091.76
2000-08-01 06:17:00 PDT,+2395.74,-73.079,-1263.05,-2036.37,-1161.1,+2094.39
2000-08-01 06:18:00 PDT,+2395.45,-73.1011,-1263.46,-2035.98,-1161.26,+2094.49
2000-08-01 06:19:00 PDT,+2397.03,-72.4718,-1261.69,-2036.68,-1159.27,+2094.64
2000-08-01 06:20:00 PDT,+2398.22,-71.4241,-1261.55,-2034.44,-1155.01,+2096.14
2000-08-01 06:21:00 PDT,+2401.11,-69.507,-1258.09,-2036.27,-1153.25,+2096.16
2000-08-01 06:22:00 PDT,+2398.16,-73.0368,-1259.75,-2038.73,-1158.26,+2093.95
2000-08-01 06:23:00 PDT,+2401.75,-74.8471,-1255.6,-2040.77,-1149.22,+2093.99
2000-08-01 06:24:00 PDT,+2398.1,-80.2175,-1258.17,-2042.78,-1152.53,+2091.76
2000-08-01 06:25:00 PDT,+2398.13,-80.082,-1258.2,-2042.68,-1152.52,+2091.83
2000-08-01 06:26:00 PDT,+2396.3,-76.8395,-1261.83,-2038.12,-1156.09,+2093.61
2000-08-01 06:27:00 PDT,+2395.44,-79.8671,-1262.02,-2039.6,-1155.38,+2092.55
2000-08-01 06:28:00 PDT,+2396.66,-82.7344,-1259.48,-2042.91,-1152.29,+2091.23
2000-08-01 06:29:00 PDT,+2396.1,-83.0709,-1260.59,-2041.53,-1151.37,+2091.69
2000-08-01 06:30:00 PDT,+2394.25,-84.443,-1262.04,-2042.12,-1154.6,+2090.83
2000-08-01 06:31:00 PDT,+2393.73,-83.8436,-1263.1,-2040.8,-1155.03,+2091.34
2000-08-01 06:32:00 PDT,+2394.79,-85.6331,-1260.54,-2044.48,-1154.46,+2089.85
2000-08-01 06:33:00 PDT,+2395.32,-82.7843,-1260.79,-2042.7,-1155.26,+2090.95
2000-08-01 06:34:00 PDT,+2398.72,-78.4592,-1257.7,-2042.49,-1153.43,+2092.17
2000-08-01 06:35:00 PDT,+2396.43,-82.9854,-1258.7,-2045.12,-1155.5,+2090.08
2000-08-01 06:36:00 PDT,+2393.48,-89.4171,-1260.08,-2048.3,-1156.86,+2087.48
2000-08-01 06:37:00 PDT,+2393.61,-89.4264,-1259.86,-2048.41,-1156.81,+2087.41
2000-08-01 06:38:00 PDT,+2393.21,-91.4378,-1259.56,-2049.95,-1156.69,+2086.49
2000-08-01 06:39:00 PDT,+2394.39,-89.2288,-1258.45,-2049.85,-1157.06,+2086.98
2000-08-01 06:40:00 PDT,+2394.09,-85.2337,-1260.16,-2046.54,-1159.67,+2088.62
2000-08-01 06:41:00 PDT,+2390.82,-88.2044,-1262.58,-2047.92,-1164.89,+2086.86
2000-08-01 06:42:00 PDT,+2391.09,-85.4876,-1262.9,-2046.57,-1166.68,+2087.64
2000-08-01 06:43:00 PDT,+2391.19,-86.7025,-1261.78,-2048.92,-1167.66,+2086.51
2000-08-01 06:44:00 PDT,+2391.57,-88.6917,-1260.63,-2050.81,-1166.1,+2085.68
2000-08-01 06:45:00 PDT,+2391.38,-89.1104,-1259.55,-2053.66,-1169.64,+2084.2
2000-08-01 06:46:00 PDT,+2394.52,-87.9224,-1254.52,-2058.38,-1170.13,+2082.83
2000-08-01 06:47:00 PDT,+2397.96,-81.6879,-1252.18,-2056.23,-1168.45,+2085.12
2000-08-01 06:48:00 PDT,+2399.79,-82.0149,-1249.19,-2059.04,-1167.24,+2084.29
2000-08-01 06:49:00 PDT,+2397.79,-81.6137,-1252.49,-2055.8,-1168.48,+2085.27
2000-08-01 06:50:00 PDT,+2398.98,-74.8012,-1252.84,-2052.37,-1171.56,+2087.43
2000-08-01 06:51:00 PDT,+2399.46,-80.1517,-1250.3,-2057.19,-1168.55,+2085.11
2000-08-01 06:52:00 PDT,+2399.26,-78.5251,-1251.04,-2055.9,-1169.92,+2085.68
2000-08-01 06:53:00 PDT,+2398.24,-76.9762,-1252.62,-2054.48,-1172.88,+2086.11
2000-08-01 06:54:00 PDT,+2398.68,-76.7394,-1251.67,-2055.67,-1173.82,+2085.64
2000-08-01 06:55:00 PDT,+2399.19,-73.1875,-1252.32,-2053.01,-1174.45,+2087.18
2000-08-01 06:56:00 PDT,+2399.4,-71.3185,-1252.9,-2051.23,-1174.51,+2088.14
2000-08-01 06:57:00 PDT,+2398.98,-72.0591,-1253.61,-2050.54,-1173.48,+2088.34
2000-08-01 06:58:00 PDT,+2399.29,-69.8988,-1254.19,-2048.53,-1173.39,+2089.48
2000-08-01 06:59:00 PDT,+2401.34,-68.3166,-1251.77,-2049.6,-1172.22,+2089.63
2000-08-01 07:00:00 PDT,+2402.1,-68.0993,-1250.31,-2051.21,-1172.94,+2089.02
2000-08-01 07:01:00 PDT,+2404.29,-62.8523,-1248.93,-2049.48,-1173.2,+2090.7
2000-08-01 07:02:00 PDT,+2405.65,-60.5589,-1247.91,-2048.82,-1172.48,+2091.51
2000-08-01 07:03:00 PDT,+2406.09,-62.6219,-1245.9,-2052.47,-1173.17,+2089.75
2000-08-01 07:04:00 PDT,+2406.86,-60.618,-1246.03,-2050.51,-1171.64,+2091.06
2000-08-01 07:05:00 PDT,+2408.32,-60.5663,-1243.79,-2052.42,-1170.7,+2090.57
2000-08-01 07:06:00 PDT,+2409.35,-59.8983,-1242.5,-2053.1,-1170.08,+2090.57
2000-08-01 07:07:00 PDT,+2409.25,-58.6841,-1242.86,-2052.46,-1171.34,+2090.88
2000-08-01 07:08:00 PDT,+2411.47,-56.8259,-1240.31,-2053.38,-1169.88,+2091.18
2000-08-01 07:09:00 PDT,+2411.22,-55.1008,-1241.14,-2052.01,-1171.27,+2091.83
2000-08-01 07:10:00 PDT,+2412.67,-51.6406,-1240.85,-2049.41,-1169.37,+2093.71
2000-08-01 07:11:00 PDT,+2412.26,-50.8518,-1241.93,-2047.88,-1169.52,+2094.37
2000-08-01 07:12:00 PDT,+2413.2,-51.4917,-1239.42,-2051.45,-1171.04,+2092.83
2000-08-01 07:13:00 PDT,+2413.98,-51.717,-1238.49,-2051.89,-1169.39,+2092.85
2000-08-01 07:14:00 PDT,+2413.62,-52.9733,-1237.74,-2054.34,-1171.69,+2091.46
2000-08-01 07:15:00 PDT,+2413.95,-52.2735,-1237.13,-2054.92,-1172.7,+2091.29
2000-08-01 07:16:00 PDT,+2413.68,-52.9398,-1236.81,-2056.22,-1174.18,+2090.5
2000-08-01 07:17:00 PDT,+2417.49,-52.8176,-1231.3,-2060.32,-1170.58,+2089.66
2000-08-01 07:18:00 PDT,+2418.66,-51.9832,-1229.82,-2060.99,-1169.89,+2089.71
2000-08-01 07:19:00 PDT,+2421.12,-48.4828,-1227.57,-2060.56,-1168.44,+2090.81
2000-08-01 07:20:00 PDT,+2420.32,-47.6865,-1229.03,-2058.71,-1169.29,+2091.28
2000-08-01 07:21:00 PDT,+2418.51,-50.6057,-1230.18,-2060.14,-1171.33,+2089.89
2000-08-01 07:22:00 PDT,+2419.48,-50.8512,-1228.99,-2060.72,-1169.37,+2089.93
2000-08-01 07:23:00 PDT,+2419.58,-49.8793,-1228.61,-2061.17,-1171.18,+2089.91
2000-08-01 07:24:00 PDT,+2421.85,-46.5911,-1226.57,-2061.01,-1169.99,+2090.88
2000-08-01 07:25:00 PDT,+2421.14,-47.508,-1227.55,-2060.44,-1169.59,+2090.92
2000-08-01 07:26:00 PDT,+2421.5,-50.1241,-1225.82,-2063.61,-1169.16,+2089.35
2000-08-01 07:27:00 PDT,+2421.04,-50.6154,-1225.89,-2064.35,-1170.53,+2088.8
2000-08-01 07:28:00 PDT,+2419.79,-53.5857,-1226.51,-2065.79,-1171.14,+2087.59
2000-08-01 07:29:00 PDT,+2418.97,-56.5298,-1226.13,-2068.14,-1171.37,+2086.15
2000-08-01 07:30:00 PDT,+2417.13,-56.3737,-1229.16,-2065.44,-1172.42,+2086.94
2000-08-01 07:31:00 PDT,+2417.28,-55.6324,-1229.83,-2063.8,-1170.93,+2087.69
2000-08-01 07:32:00 PDT,+2417.1,-56.3327,-1229.41,-2065.07,-1172.08,+2086.96
2000-08-01 07:33:00 PDT,+2418.27,-53.5746,-1228.87,-2063.69,-1171.5,+2088.09
2000-08-01 07:34:00 PDT,+2418.25,-51.8793,-1229.82,-2061.93,-1172.32,+2088.92
2000-08-01 07:35:00 PDT,+2419.04,-52.7887,-1227.85,-2064.31,-1171.69,+2088.04
2000-08-01 07:36:00 PDT,+2416.88,-55.7326,-1229.18,-2065.92,-1174.73,+2086.6
2000-08-01 07:37:00 PDT,+2416.33,-58.5407,-1229.16,-2067.28,-1173.74,+2085.68
2000-08-01 07:38:00 PDT,+2415.7,-55.4869,-1230.77,-2064.91,-1176.58,+2086.73
2000-08-01 07:39:00 PDT,+2413.66,-58.3535,-1232.23,-2065.91,-1178.78,+2085.43
2000-08-01 07:40:00 PDT,+2413.13,-59.6028,-1232.5,-2066.5,-1179.03,+2084.93
2000-08-01 07:41:00 PDT,+2413.22,-58.2147,-1232.46,-2065.74,-1180.21,+2085.27
2000-08-01 07:42:00 PDT,+2414.69,-58.0891,-1230.22,-2067.57,-1179.29,+2084.81
2000-08-01 07:43:00 PDT,+2414.01,-59.0042,-1231.15,-2067.1,-1178.96,+2084.64
2000-08-01 07:44:00 PDT,+2415.81,-56.8212,-1229.4,-2067.29,-1177.98,+2085.2
2000-08-01 07:45:00 PDT,+2414.63,-57.7601,-1230.37,-2068.16,-1181.13,+2084.24
2000-08-01 07:46:00 PDT,+2414.83,-53.6337,-1231.94,-2064.15,-1181.3,+2086.46
2000-08-01 07:47:00 PDT,+2414.5,-55.6025,-1231.39,-2066.03,-1181.7,+2085.53
2000-08-01 07:48:00 PDT,+2413.04,-57.2454,-1233.38,-2064.96,-1181.32,+2085.28
2000-08-01 07:49:00 PDT,+2413.09,-57.1728,-1233.06,-2065.55,-1181.24,+2085.17
2000-08-01 07:50:00 PDT,+2412.01,-56.9297,-1235.2,-2062.9,-1180.81,+2086.16
2000-08-01 07:51:00 PDT,+2409.95,-60.9369,-1236.59,-2064.37,-1181.82,+2084.65
2000-08-01 07:52:00 PDT,+2408.28,-63.9879,-1237.28,-2066.26,-1183.83,+2083.38
2000-08-01 07:53:00 PDT,+2410.62,-62.1297,-1235.21,-2066.14,-1181.4,+2084.14
2000-08-01 07:54:00 PDT,+2411.49,-62.8324,-1233.93,-2067.46,-1179.79,+2083.81
2000-08-01 07:55:00 PDT,+2410.38,-63.7175,-1235.23,-2066.93,-1180.42,+2083.71
2000-08-01 07:56:00 PDT,+2411.35,-63.6188,-1233.82,-2067.73,-1178.7,+2083.73
2000-08-01 07:57:00 PDT,+2413.45,-62.0751,-1231.23,-2068.87,-1177.49,+2083.85
2000-08-01 07:58:00 PDT,+2413.19,-59.5744,-1232.8,-2065.9,-1177.82,+2085.34
2000-08-01 07:59:00 PDT,+2413.72,-58.3315,-1232.55,-2065.29,-1177.57,+2085.85
2000-08-01 08:00:00 PDT,+2414.69,-57.3868,-1232.59,-2063.31,-1173.89,+2087.06
2000-08-01 08:01:00 PDT,+2416.14,-52.6834,-1232.69,-2059.69,-1173.33,+2089.32
2000-08-01 08:02:00 PDT,+2416.99,-51.4132,-1231.58,-2059.92,-1172.81,+2089.61
2000-08-01 08:03:00 PDT,+2416.16,-53.4563,-1231.55,-2061.83,-1174.4,+2088.31
2000-08-01 08:04:00 PDT,+2416.24,-50.1112,-1232.54,-2059.28,-1175.76,+2089.69
2000-08-01 08:05:00 PDT,+2413.49,-52.4315,-1234.31,-2060.4,-1179.07,+2088.58
2000-08-01 08:06:00 PDT,+2415.29,-49.1782,-1233.01,-2060.05,-1179.39,+2089.36
2000-08-01 08:07:00 PDT,+2416.28,-46.7461,-1233.17,-2057.31,-1177.07,+2090.93
2000-08-01 08:08:00 PDT,+2415.37,-45.3999,-1235.05,-2054.26,-1177.69,+2092.09
2000-08-01 08:09:00 PDT,+2417.53,-42.5779,-1233.76,-2052.86,-1175.52,+2093.46
2000-08-01 08:10:00 PDT,+2418.29,-40.46,-1233.88,-2050.86,-1174.07,+2094.8
2000-08-01 08:11:00 PDT,+2417.91,-39.3777,-1235.14,-2049.06,-1173.9,+2095.88
2000-08-01 08:12:00 PDT,+2418.16,-40.0746,-1234.56,-2050.42,-1173.73,+2095.33
2000-08-01 08:13:00 PDT,+2418.09,-40.7051,-1233.99,-2051.65,-1173.61,+2094.85
2000-08-01 08:14:00 PDT,+2418.98,-38.5705,-1233.69,-2050.22,-1172.02,+2095.71
2000-08-01 08:15:00 PDT,+2419.92,-37.8925,-1232.85,-2050.39,-1171.54,+2095.84
2000-08-01 08:16:00 PDT,+2419.43,-34.7768,-1234.93,-2046.35,-1172.03,+2097.78
2000-08-01 08:17:00 PDT,+2419.82,-33.4109,-1234.8,-2045.66,-1173.4,+2097.87
2000-08-01 08:18:00 PDT,+2418.25,-33.0218,-1236.9,-2044.44,-1176.83,+2098.18
2000-08-01 08:19:00 PDT,+2417.3,-34.2002,-1236.85,-2045.95,-1178.26,+2097.26
2000-08-01 08:20:00 PDT,+2415.71,-33.1876,-1239.73,-2043.74,-1180.08,+2098
2000-08-01 08:21:00 PDT,+2417.42,-31.9129,-1238.09,-2043.55,-1177.48,+2098.92
2000-08-01 08:22:00 PDT,+2418.1,-32.5236,-1236.87,-2044.86,-1176.71,+2098.45
2000-08-01 08:23:00 PDT,+2419.34,-30.8957,-1236.66,-2043.02,-1174.2,+2099.56
2000-08-01 08:24:00 PDT,+2419.41,-33.2559,-1235.86,-2045.12,-1174.07,+2098.34
2000-08-01 08:25:00 PDT,+2419.44,-35.4869,-1234.84,-2047.48,-1173.91,+2097.09
2000-08-01 08:26:00 PDT,+2417.88,-34.605,-1237.66,-2043.81,-1173.76,+2098.22
2000-08-01 08:27:00 PDT,+2418.16,-36.5243,-1236.61,-2045.68,-1172.84,+2097.31
2000-08-01 08:28:00 PDT,+2414.26,-38.4296,-1240.09,-2044.84,-1178.28,+2096.36
2000-08-01 08:29:00 PDT,+2413.61,-38.2773,-1241.14,-2043.18,-1177.49,+2097.05
2000-08-01 08:30:00 PDT,+2413.79,-37.0738,-1241.02,-2043.19,-1178.57,+2097.47
2000-08-01 08:31:00 PDT,+2415.5,-36.3364,-1239.38,-2043.35,-1176.46,+2097.83
2000-08-01 08:32:00 PDT,+2413,-37.5973,-1241.87,-2042.9,-1178.58,+2097.67
2000-08-01 08:33:00 PDT,+2412.96,-37.825,-1241.78,-2044.01,-1178.63,+2097.35
2000-08-01 08:34:00 PDT,+2413.15,-36.476,-1242.44,-2041.68,-1177.16,+2098.27
2000-08-01 08:35:00 PDT,+2415.55,-38.8157,-1239.14,-2044.25,-1171.21,+2097.44
2000-08-01 08:36:00 PDT,+2414.23,-41.1787,-1239.72,-2045.16,-1171.8,+2096.55
2000-08-01 08:37:00 PDT,+2413.47,-41.8995,-1239.8,-2046.58,-1174.53,+2095.54
2000-08-01 08:38:00 PDT,+2412.9,-43.4907,-1239.12,-2049.56,-1177.53,+2093.73
2000-08-01 08:39:00 PDT,+2412.46,-45.3346,-1239.16,-2050.49,-1176.97,+2092.93
2000-08-01 08:40:00 PDT,+2410.49,-48.5129,-1240.32,-2052.22,-1177.91,+2091.62
2000-08-01 08:41:00 PDT,+2414.7,-48.8837,-1235.96,-2053.94,-1171.92,+2091.07
2000-08-01 08:42:00 PDT,+2413.64,-46.7018,-1238.68,-2050.54,-1173.55,+2092.64
2000-08-01 08:43:00 PDT,+2412.8,-48.2922,-1238.66,-2052.21,-1175.62,+2091.87
2000-08-01 08:44:00 PDT,+2411.51,-49.2935,-1240.02,-2051.38,-1176.08,+2092.07
2000-08-01 08:45:00 PDT,+2409.08,-50.2482,-1242.25,-2050.83,-1180.2,+2091.86
2000-08-01 08:46:00 PDT,+2410.33,-47.9334,-1242.15,-2049.33,-1179.74,+2092.9
2000-08-01 08:47:00 PDT,+2410.82,-49.295,-1241.46,-2050.03,-1177.45,+2092.49
2000-08-01 08:48:00 PDT,+2413.95,-48.0754,-1238.35,-2051.01,-1174.6,+2092.46
2000-08-01 08:49:00 PDT,+2413.2,-49.0416,-1239,-2050.79,-1174.98,+2092.24
2000-08-01 08:50:00 PDT,+2413.19,-51.1636,-1238.48,-2051.61,-1172.35,+2091.87
2000-08-01 08:51:00 PDT,+2410.33,-54.7927,-1239.64,-2053.37,-1175.6,+2090.21
2000-08-01 08:52:00 PDT,+2408.39,-57.1525,-1240.5,-2054.21,-1176.43,+2089.65
2000-08-01 08:53:00 PDT,+2407.74,-56.7634,-1241.15,-2053.92,-1177.68,+2089.34
2000-08-01 08:54:00 PDT,+2407.56,-59.6503,-1239.82,-2057.53,-1178.3,+2087.68
2000-08-01 08:55:00 PDT,+2406.49,-61.6098,-1240.04,-2059.1,-1177.48,+2086.99
2000-08-01 08:56:00 PDT,+2406.28,-59.6186,-1240.9,-2058.37,-1180.19,+2087.3
2000-08-01 08:57:00 PDT,+2405.93,-60.4302,-1241.13,-2058.92,-1181.97,+2086.95
2000-08-01 08:58:00 PDT,+2406.07,-63.3195,-1239.98,-2061.13,-1179.74,+2085.45
2000-08-01 08:59:00 PDT,+2407.25,-59.3304,-1239.99,-2058.32,-1179.88,+2087
2000-08-01 09:00:00 PDT,+2406.99,-60.5512,-1241.01,-2057.47,-1178.91,+2086.8
2000-08-01 09:01:00 PDT,+2408.95,-60.877,-1238.84,-2058.91,-1174.67,+2086.13
2000-08-01 09:02:00 PDT,+2408.3,-63.4272,-1239.2,-2060.11,-1175.18,+2085.1
2000-08-01 09:03:00 PDT,+2408.61,-64.9497,-1238.04,-2061.77,-1173.68,+2084.45
2000-08-01 09:04:00 PDT,+2409.52,-63.6384,-1238.16,-2060.7,-1172.32,+2085.61
2000-08-01 09:05:00 PDT,+2408.68,-63.4384,-1239.56,-2059.55,-1173.59,+2086.01
2000-08-01 09:06:00 PDT,+2408.25,-61.441,-1240.22,-2058.3,-1175.36,+2086.68
2000-08-01 09:07:00 PDT,+2407.62,-60.0753,-1242.15,-2055,-1176.6,+2087.95
2000-08-01 09:08:00 PDT,+2406.28,-60.1542,-1243.39,-2054.89,-1179.64,+2087.53
2000-08-01 09:09:00 PDT,+2404.07,-60.6571,-1244.6,-2056.15,-1185.12,+2086.77
2000-08-01 09:10:00 PDT,+2404.88,-59.938,-1244.81,-2054.08,-1182.5,+2087.64
2000-08-01 09:11:00 PDT,+2403.47,-61.7008,-1245.39,-2056.05,-1184.75,+2086.54
2000-08-01 09:12:00 PDT,+2403.92,-64.8607,-1244.59,-2058.08,-1181.07,+2085.23
2000-08-01 09:13:00 PDT,+2406.12,-64.1996,-1242.29,-2058.79,-1178.7,+2085.4
2000-08-01 09:14:00 PDT,+2403.51,-66.2974,-1244.21,-2059.64,-1181.4,+2084.65
2000-08-01 09:15:00 PDT,+2401.71,-66.3991,-1245.72,-2059.45,-1184.13,+2084.81
2000-08-01 09:16:00 PDT,+2400.56,-67.6431,-1246.15,-2059.57,-1185.97,+2084.49
2000-08-01 09:17:00 PDT,+2397.22,-72.0086,-1248.43,-2060.62,-1187.58,+2083
2000-08-01 09:18:00 PDT,+2398.53,-67.5,-1248.88,-2056.1,-1185.87,+2085.68
2000-08-01 09:19:00 PDT,+2400.35,-64.4339,-1248.37,-2054.12,-1184.31,+2087
2000-08-01 09:20:00 PDT,+2399.26,-64.3973,-1249.64,-2052.72,-1183.88,+2087.33
2000-08-01 09:21:00 PDT,+2398.87,-65.6557,-1250.13,-2052.82,-1182.95,+2086.88
2000-08-01 09:22:00 PDT,+2401.23,-65.9648,-1247.73,-2054.89,-1180.47,+2086.17
2000-08-01 09:23:00 PDT,+2402.65,-64.9993,-1246.36,-2055.68,-1180.66,+2085.97
2000-08-01 09:24:00 PDT,+2402.94,-68.7777,-1244.37,-2060.11,-1179.25,+2083.71
2000-08-01 09:25:00 PDT,+2405.28,-62.3948,-1243.79,-2057.42,-1180.94,+2086.08
2000-08-01 09:26:00 PDT,+2405.16,-59.7598,-1244.65,-2055.59,-1183.59,+2087.12
2000-08-01 09:27:00 PDT,+2404.26,-59.7194,-1245.12,-2055.39,-1185.09,+2086.96
2000-08-01 09:28:00 PDT,+2405.43,-63.6211,-1241.86,-2060.7,-1183.27,+2084.4
2000-08-01 09:29:00 PDT,+2406.64,-61.1724,-1241.41,-2059.37,-1182.83,+2085.44
2000-08-01 09:30:00 PDT,+2406.35,-62.2506,-1240.84,-2060.12,-1181.62,+2085.16
2000-08-01 09:31:00 PDT,+2409.1,-60.4696,-1238.45,-2061.08,-1179.04,+2085.63
2000-08-01 09:32:00 PDT,+2409.47,-58.7907,-1238.37,-2060.19,-1179.35,+2086.57
2000-08-01 09:33:00 PDT,+2410.52,-58.582,-1236.91,-2060.36,-1176.84,+2087.02
2000-08-01 09:34:00 PDT,+2412.37,-55.9366,-1235.85,-2059.14,-1174.81,+2087.41
2000-08-01 09:35:00 PDT,+2411.7,-55.95,-1236.19,-2059.34,-1176.99,+2087.17
2000-08-01 09:36:00 PDT,+2411.69,-55.9525,-1236.19,-2059.34,-1176.99,+2087.17
2000-08-01 09:37:00 PDT,+2409.84,-55.8717,-1237.52,-2059.75,-1181.54,+2086.77
2000-08-01 09:38:00 PDT,+2405.62,-58.4042,-1240.62,-2061.52,-1188.33,+2085.63
2000-08-01 09:39:00 PDT,+2406.12,-59.2136,-1239.16,-2063.83,-1187.91,+2084.82
2000-08-01 09:40:00 PDT,+2406.71,-57.0552,-1240.02,-2060.77,-1186.47,+2086.15
2000-08-01 09:41:00 PDT,+2407.39,-58.2351,-1239.47,-2060.57,-1184.16,+2085.73
2000-08-01 09:42:00 PDT,+2407.06,-59.142,-1239.82,-2059.94,-1183.15,+2085.85
2000-08-01 09:43:00 PDT,+2408.9,-51.5651,-1240.85,-2052.18,-1182.5,+2089.65
2000-08-01 09:44:00 PDT,+2408.61,-51.0429,-1241.58,-2051.28,-1182.73,+2090.04
2000-08-01 09:45:00 PDT,+2404.99,-53.0413,-1244.82,-2051.53,-1187.95,+2089.63
2000-08-01 09:46:00 PDT,+2407.3,-51.6408,-1242.9,-2051.73,-1185.66,+2090.16
2000-08-01 09:47:00 PDT,+2407.28,-50.2356,-1242.45,-2053.6,-1187.28,+2089.93
2000-08-01 09:48:00 PDT,+2409.71,-49.7045,-1239.65,-2055.5,-1184.58,+2089.85
2000-08-01 09:49:00 PDT,+2409.95,-45.0971,-1241.23,-2050.27,-1184.49,+2092.3
2000-08-01 09:50:00 PDT,+2410.98,-45.7892,-1239.54,-2051.68,-1183.06,+2091.68
2000-08-01 09:51:00 PDT,+2412.27,-41.9087,-1240.19,-2047.57,-1182.16,+2093.8
2000-08-01 09:52:00 PDT,+2414.02,-38.7599,-1239.06,-2046.38,-1181.31,+2094.99
2000-08-01 09:53:00 PDT,+2414.58,-39.865,-1237.69,-2049.37,-1181.87,+2093.96
2000-08-01 09:54:00 PDT,+2414.35,-40.5996,-1237.36,-2050.8,-1181.98,+2093.1
2000-08-01 09:55:00 PDT,+2416.49,-40.2936,-1235.63,-2051.77,-1178.55,+2092.82
2000-08-01 09:56:00 PDT,+2416.97,-40.3734,-1235.19,-2051.86,-1177.37,+2092.69
2000-08-01 09:57:00 PDT,+2418.17,-41.3018,-1233.26,-2053.74,-1175.59,+2091.86
2000-08-01 09:58:00 PDT,+2418.65,-39.1037,-1233.36,-2052.23,-1176.05,+2092.92
2000-08-01 09:59:00 PDT,+2417.1,-41.9098,-1234.14,-2052.9,-1175.52,+2092.2
2000-08-01 10:00:00 PDT,+2413.68,-44.0707,-1236.4,-2053.91,-1181.67,+2091.62
2000-08-01 10:01:00 PDT,+2412.24,-44.4169,-1237.54,-2053.45,-1182.94,+2091.39
2000-08-01 10:02:00 PDT,+2411.73,-48.5561,-1235.91,-2057.28,-1182.67,+2089.19
2000-08-01 10:03:00 PDT,+2414.84,-47.9463,-1232.83,-2057.81,-1177.33,+2089.92
2000-08-01 10:04:00 PDT,+2416.64,-45.167,-1232.37,-2055.5,-1175.55,+2091.22
2000-08-01 10:05:00 PDT,+2415.49,-47.3436,-1232.84,-2056.49,-1175.23,+2090.02
2000-08-01 10:06:00 PDT,+2415.89,-42.2661,-1233.99,-2053.43,-1179.95,+2091.65
2000-08-01 10:07:00 PDT,+2414.76,-43.1982,-1234.06,-2054.98,-1182.23,+2091.1
2000-08-01 10:08:00 PDT,+2415.72,-42.9629,-1232.12,-2057.72,-1182.61,+2090.52
2000-08-01 10:09:00 PDT,+2415.17,-43.5022,-1232.09,-2058.81,-1184.65,+2089.91
2000-08-01 10:10:00 PDT,+2417.14,-40.5038,-1231.21,-2056.21,-1182.96,+2091.35
2000-08-01 10:11:00 PDT,+2415.44,-44.0809,-1231.66,-2059.26,-1184.84,+2089.35
2000-08-01 10:12:00 PDT,+2416.2,-44.1135,-1230.82,-2059.37,-1182.27,+2089.21
2000-08-01 10:13:00 PDT,+2416.37,-42.4173,-1231.5,-2057.42,-1183.62,+2090.25
2000-08-01 10:14:00 PDT,+2414.79,-45.3284,-1231.73,-2058.95,-1185.01,+2089.05
2000-08-01 10:15:00 PDT,+2414.61,-45.1494,-1231.57,-2059.72,-1187.1,+2088.69
2000-08-01 10:16:00 PDT,+2415.75,-42.3552,-1231.54,-2057.44,-1187.06,+2090.07
2000-08-01 10:17:00 PDT,+2416.6,-44.5576,-1229.14,-2062.37,-1186.4,+2088.2
2000-08-01 10:18:00 PDT,+2418.72,-44.7351,-1226.56,-2065.15,-1183.89,+2087.38
2000-08-01 10:19:00 PDT,+2418.72,-46.0058,-1226.01,-2066.65,-1183.17,+2086.56
2000-08-01 10:20:00 PDT,+2416,-45.4334,-1230.22,-2063.12,-1185.82,+2087.71
2000-08-01 10:21:00 PDT,+2416.32,-45.354,-1229.52,-2064.55,-1186.8,+2086.81
2000-08-01 10:22:00 PDT,+2417.23,-44.1006,-1229.09,-2063.93,-1186.4,+2087.31
2000-08-01 10:23:00 PDT,+2418.53,-42.5219,-1227.95,-2064.06,-1187.07,+2087.77
2000-08-01 10:24:00 PDT,+2418.21,-39.9375,-1229.43,-2060.41,-1188.2,+2089.46
2000-08-01 10:25:00 PDT,+2419.12,-39.8412,-1228.29,-2060.17,-1185.33,+2089.43
2000-08-01 10:26:00 PDT,+2417.88,-39.7167,-1229.96,-2058.56,-1186.06,+2089.88
2000-08-01 10:27:00 PDT,+2418.71,-38.4942,-1229.8,-2057.39,-1184.84,+2090.48
2000-08-01 10:28:00 PDT,+2418.39,-39.0924,-1229.71,-2057.79,-1183.94,+2090.16
2000-08-01 10:29:00 PDT,+2418.14,-39.5505,-1229.98,-2058.29,-1185.26,+2089.66
2000-08-01 10:30:00 PDT,+2417.84,-40.1261,-1230.13,-2058.27,-1184.77,+2089.48
2000-08-01 10:31:00 PDT,+2416.09,-42.4752,-1230.66,-2059.7,-1186.37,+2088.5
2000-08-01 10:32:00 PDT,+2419.79,-37.5754,-1228.23,-2057.81,-1182.48,+2090.25
2000-08-01 10:33:00 PDT,+2418.98,-37.6004,-1228.74,-2058.66,-1185.48,+2090.17
2000-08-01 10:34:00 PDT,+2416.41,-38.7152,-1231.02,-2057.36,-1187.57,+2090.23
2000-08-01 10:35:00 PDT,+2417.1,-40.7022,-1229.32,-2061.07,-1186.86,+2088.72
2000-08-01 10:36:00 PDT,+2417.49,-38.3988,-1229.99,-2058.17,-1186.73,+2090.1
2000-08-01 10:37:00 PDT,+2414.54,-40.2018,-1232.63,-2057.56,-1190.37,+2089.29
2000-08-01 10:38:00 PDT,+2415.47,-36.9373,-1232.97,-2053.91,-1189.03,+2091.09
2000-08-01 10:39:00 PDT,+2415.87,-36.8416,-1232.33,-2055.47,-1190.37,+2090.79
2000-08-01 10:40:00 PDT,+2416.86,-36.5748,-1232.21,-2054.36,-1187.42,+2091.34
2000-08-01 10:41:00 PDT,+2415.9,-35.1486,-1233.52,-2053.08,-1190.91,+2092.23
2000-08-01 10:42:00 PDT,+2417.01,-36.5144,-1231.69,-2056.27,-1189.79,+2091.01
2000-08-01 10:43:00 PDT,+2415.82,-39.6818,-1231.56,-2059.29,-1190.22,+2089.35
2000-08-01 10:44:00 PDT,+2412.94,-42.7665,-1233.23,-2060.88,-1192.97,+2087.86
2000-08-01 10:45:00 PDT,+2411.97,-42.9532,-1234.02,-2060.91,-1194.93,+2087.86
2000-08-01 10:46:00 PDT,+2412.02,-44.1825,-1233.53,-2062.11,-1193.91,+2087.17
2000-08-01 10:47:00 PDT,+2414.99,-39.0105,-1232.72,-2057.98,-1191.88,+2089.64
2000-08-01 10:48:00 PDT,+2415.92,-39.297,-1231.69,-2057.66,-1188.99,+2089.49
2000-08-01 10:49:00 PDT,+2418.23,-37.7606,-1229.79,-2058.57,-1187.86,+2089.68
2000-08-01 10:50:00 PDT,+2418.69,-34.4699,-1230.03,-2056.39,-1188.64,+2091.23
2000-08-01 10:51:00 PDT,+2420.49,-34.2004,-1228.31,-2057.49,-1186.39,+2090.95
2000-08-01 10:52:00 PDT,+2419.16,-30.8179,-1230.35,-2055.39,-1191.43,+2092.7
2000-08-01 10:53:00 PDT,+2419.84,-28.7562,-1230.61,-2053.37,-1189.99,+2093.76
2000-08-01 10:54:00 PDT,+2419.81,-30.6824,-1229.27,-2056.51,-1189.78,+2092.42
2000-08-01 10:55:00 PDT,+2419.82,-31.4164,-1229.35,-2055.4,-1186.77,+2092.34
2000-08-01 10:56:00 PDT,+2418.44,-33.379,-1229.33,-2056.52,-1187.37,+2091.49
2000-08-01 10:57:00 PDT,+2416.18,-36.5371,-1230.23,-2058.95,-1189.59,+2090.05
2000-08-01 10:58:00 PDT,+2418.15,-34.8418,-1229.17,-2057.35,-1186.23,+2090.79
2000-08-01 10:59:00 PDT,+2418.01,-35.4034,-1228.07,-2059.39,-1189.07,+2090.23
2000-08-01 11:00:00 PDT,+2422.09,-37.0253,-1222.49,-2064.57,-1182.82,+2088.23
2000-08-01 11:01:00 PDT,+2424.81,-30.0917,-1222.39,-2059.49,-1183.54,+2091.58
2000-08-01 11:02:00 PDT,+2423.61,-34.289,-1221.64,-2063.39,-1183.46,+2089.38
2000-08-01 11:03:00 PDT,+2423.43,-35.0694,-1221.37,-2064.84,-1184.28,+2088.83
2000-08-01 11:04:00 PDT,+2423.23,-36.7959,-1220.83,-2066.8,-1183.92,+2087.82
2000-08-01 11:05:00 PDT,+2423.19,-32.1538,-1222.58,-2062.41,-1187.5,+2090.41
2000-08-01 11:06:00 PDT,+2422.37,-30.4585,-1224.33,-2058.82,-1188.06,+2091.8
2000-08-01 11:07:00 PDT,+2420.63,-31.3605,-1225.72,-2058.7,-1190.19,+2091.64
2000-08-01 11:08:00 PDT,+2422.3,-29.1784,-1225.12,-2057.12,-1189.3,+2092.64
2000-08-01 11:09:00 PDT,+2423.31,-30.3437,-1223.56,-2059.53,-1187.78,+2091.66
2000-08-01 11:10:00 PDT,+2422.21,-30.2541,-1225.13,-2057.61,-1187.73,+2092.15
2000-08-01 11:11:00 PDT,+2423.25,-31.8227,-1223.37,-2060.46,-1185.95,+2090.92
2000-08-01 11:12:00 PDT,+2423.42,-29.8237,-1224.23,-2057.26,-1185.3,+2092.26
2000-08-01 11:13:00 PDT,+2423.08,-30.125,-1224.33,-2057.91,-1186.37,+2092.05
2000-08-01 11:14:00 PDT,+2423.72,-31.8659,-1223.28,-2058.89,-1182.67,+2091.13
2000-08-01 11:15:00 PDT,+2423.26,-33.5829,-1222.96,-2060.91,-1183.02,+2090.15
2000-08-01 11:16:00 PDT,+2424.26,-31.9459,-1222.39,-2060.13,-1182.08,+2090.78
2000-08-01 11:17:00 PDT,+2424.52,-33.1494,-1221.21,-2062.73,-1182.8,+2089.83
2000-08-01 11:18:00 PDT,+2424.01,-34.6478,-1220.88,-2065.16,-1184.22,+2088.87
2000-08-01 11:19:00 PDT,+2423.93,-35.9507,-1220.39,-2066.73,-1183.87,+2088.08
2000-08-01 11:20:00 PDT,+2420.08,-36.847,-1223.94,-2065.22,-1189.28,+2088.07
2000-08-01 11:21:00 PDT,+2420.63,-36.4038,-1223.74,-2064.21,-1187.55,+2088.39
2000-08-01 11:22:00 PDT,+2420.77,-34.355,-1224.36,-2062.33,-1188.82,+2089.5
2000-08-01 11:23:00 PDT,+2418.46,-34.6433,-1226.72,-2060.31,-1190.99,+2089.99
2000-08-01 11:24:00 PDT,+2420.42,-33.0649,-1225.27,-2060.44,-1189.7,+2090.39
2000-08-01 11:25:00 PDT,+2422.71,-33.3265,-1222.87,-2062.3,-1186.24,+2089.73
2000-08-01 11:26:00 PDT,+2425.35,-30.664,-1221.21,-2061.49,-1184.23,+2090.65
2000-08-01 11:27:00 PDT,+2428.6,-29.6712,-1218.17,-2063.48,-1181.24,+2090.33
2000-08-01 11:28:00 PDT,+2410.55,-32.791,-1219.93,-2064.8,-1183.66,+2089.18
2000-08-01 11:29:00 PDT,+2408.33,-31.6615,-1222.51,-2062.59,-1188.22,+2090.23
2000-08-01 11:30:00 PDT,+2405.24,-33.9775,-1225.15,-2060.94,-1188.67,+2089.94
2000-08-01 11:31:00 PDT,+2405.53,-32.8091,-1225.22,-2060.32,-1189.5,+2090.47
2000-08-01 11:32:00 PDT,+2405.62,-32.6952,-1225.21,-2060.07,-1189.18,+2090.56
2000-08-01 11:33:00 PDT,+2404.67,-34.0385,-1225.65,-2060.72,-1189.58,+2090.02
2000-08-01 11:34:00 PDT,+2405.95,-34.7152,-1223.9,-2063.16,-1188.45,+2089.19
2000-08-01 11:35:00 PDT,+2405.57,-36.1457,-1223.82,-2063.92,-1187.43,+2088.54
2000-08-01 11:36:00 PDT,+2405.72,-37.1798,-1223.49,-2064.12,-1185.25,+2088.09
2000-08-01 11:37:00 PDT,+2406.9,-34.8509,-1223.12,-2063.03,-1185.69,+2089.07
2000-08-01 11:38:00 PDT,+2409.27,-30.1086,-1222.79,-2058.75,-1183.94,+2091.44
2000-08-01 11:39:00 PDT,+2408.56,-27.1049,-1224.65,-2055.18,-1186.9,+2093.33
2000-08-01 11:40:00 PDT,+2406.26,-29.8615,-1226.01,-2055.93,-1187.81,+2092.36
2000-08-01 11:41:00 PDT,+2406.27,-31.7061,-1225.23,-2058.11,-1187.02,+2091.23
2000-08-01 11:42:00 PDT,+2406.52,-31.5745,-1225.14,-2057.6,-1186.02,+2091.36
2000-08-01 11:43:00 PDT,+2405.78,-34.6836,-1224.59,-2060.74,-1185.74,+2089.66
2000-08-01 11:44:00 PDT,+2406.95,-33.6696,-1223.89,-2060.12,-1184.17,+2090.05
2000-08-01 11:45:00 PDT,+2408.31,-31.9697,-1222.97,-2060.22,-1184.52,+2090.57
2000-08-01 11:46:00 PDT,+2411.6,-29.8196,-1220.34,-2060.97,-1182.03,+2090.94
2000-08-01 11:47:00 PDT,+2411.64,-28.4949,-1220.73,-2059.97,-1183.24,+2091.62
2000-08-01 11:48:00 PDT,+2408.77,-31.3703,-1222.82,-2059.51,-1183.63,+2090.88
2000-08-01 11:49:00 PDT,+2406.14,-34.3726,-1224.32,-2060.84,-1185.61,+2089.74
2000-08-01 11:50:00 PDT,+2404.94,-34.93,-1225.33,-2060.42,-1186.74,+2089.7
2000-08-01 11:51:00 PDT,+2402.64,-38.5715,-1226.18,-2062.95,-1188.22,+2088.05
2000-08-01 11:52:00 PDT,+2406.11,-37.0927,-1222.86,-2065.68,-1186.71,+2087.78
2000-08-01 11:53:00 PDT,+2404.34,-35.6507,-1225.12,-2063.22,-1190.48,+2088.97
2000-08-01 11:54:00 PDT,+2404.1,-38.0102,-1224.54,-2065.11,-1188.8,+2087.73
2000-08-01 11:55:00 PDT,+2405.73,-37.4506,-1223.49,-2063.89,-1184.4,+2088.01
2000-08-01 11:56:00 PDT,+2406.33,-35.6335,-1223.69,-2061.92,-1184.04,+2089.02
2000-08-01 11:57:00 PDT,+2407.36,-35.7791,-1222.79,-2061.93,-1181.3,+2088.85
2000-08-01 11:58:00 PDT,+2409.96,-32.1183,-1221.59,-2060.6,-1180.6,+2090.25
2000-08-01 11:59:00 PDT,+2407.2,-36.5175,-1222.83,-2062.49,-1180.81,+2088.49
2000-08-01 12:00:00 PDT,+2404.79,-35.5546,-1225.37,-2061.03,-1186.51,+2089.36
2000-08-01 12:01:00 PDT,+2404.56,-35.15,-1225.96,-2060.21,-1187.64,+2089.73
2000-08-01 12:02:00 PDT,+2404.04,-35.1001,-1226.44,-2060.11,-1188.86,+2089.82
2000-08-01 12:03:00 PDT,+2406.07,-34.5952,-1224.5,-2061.1,-1186.25,+2089.94
2000-08-01 12:04:00 PDT,+2406.43,-39.78,-1221.91,-2067.16,-1183.21,+2086.8
2000-08-01 12:05:00 PDT,+2405.72,-40.8554,-1222.44,-2065.91,-1180.12,+2086.64
2000-08-01 12:06:00 PDT,+2405.39,-37.3765,-1224.61,-2059.74,-1179.72,+2089.15
2000-08-01 12:07:00 PDT,+2401.86,-37.1235,-1228.34,-2056.89,-1184.91,+2089.82
2000-08-01 12:08:00 PDT,+2398.07,-37.1305,-1232.03,-2054.62,-1190.77,+2090.6
2000-08-01 12:09:00 PDT,+2400.2,-35.6416,-1230.4,-2054.81,-1189,+2090.95
2000-08-01 12:10:00 PDT,+2401.63,-33.6641,-1229.45,-2055.17,-1190.04,+2091.49
2000-08-01 12:11:00 PDT,+2405.23,-36.2498,-1224.96,-2059.82,-1182.5,+2089.29
2000-08-01 12:12:00 PDT,+2406.53,-36.5001,-1223.65,-2060.34,-1179.56,+2089.25
2000-08-01 12:13:00 PDT,+2407.29,-36.9217,-1222.72,-2061.25,-1178.14,+2088.84
2000-08-01 12:14:00 PDT,+2406.84,-34.0779,-1224.3,-2057.92,-1180.47,+2090.59
2000-08-01 12:15:00 PDT,+2408.91,-29.7838,-1223.65,-2055.96,-1181.6,+2092.4
2000-08-01 12:16:00 PDT,+2403.56,-36.5675,-1226.69,-2058.72,-1185.2,+2089.84
2000-08-01 12:17:00 PDT,+2402.59,-37.5377,-1227.33,-2058.79,-1185.6,+2089.55
2000-08-01 12:18:00 PDT,+2404.9,-40.1011,-1224.2,-2062.16,-1179.44,+2087.69
2000-08-01 12:19:00 PDT,+2404.25,-43.2294,-1223.65,-2064.98,-1178.45,+2086.02
2000-08-01 12:20:00 PDT,+2404.91,-41.9738,-1222.9,-2066.06,-1180,+2086.22
2000-08-01 12:21:00 PDT,+2404.72,-41.4239,-1223.75,-2063.57,-1178.33,+2086.62
2000-08-01 12:22:00 PDT,+2405.18,-38.6577,-1224.43,-2061.38,-1180.73,+2088.09
2000-08-01 12:23:00 PDT,+2403.73,-38.6546,-1226.29,-2059.61,-1181.46,+2088.56
2000-08-01 12:24:00 PDT,+2401.39,-42.322,-1227.8,-2059.94,-1181,+2087.35
2000-08-01 12:25:00 PDT,+2399.61,-42.1393,-1229.61,-2058.63,-1183.82,+2087.84
2000-08-01 12:26:00 PDT,+2399.55,-41.6867,-1229.81,-2058.24,-1184.33,+2088.09
2000-08-01 12:27:00 PDT,+2400.29,-40.8353,-1229.18,-2057.74,-1183.97,+2088.46
2000-08-01 12:28:00 PDT,+2397.7,-44.5431,-1229.93,-2060.78,-1185.52,+2086.7
2000-08-01 12:29:00 PDT,+2400.85,-41.728,-1228.28,-2059.25,-1181.48,+2087.75
2000-08-01 12:30:00 PDT,+2400.68,-40.1786,-1229.16,-2056.98,-1181.97,+2088.77
2000-08-01 12:31:00 PDT,+2402.26,-37.1883,-1228.75,-2054.27,-1179.82,+2090.19
2000-08-01 12:32:00 PDT,+2402.64,-34.0061,-1228.87,-2054.62,-1185.82,+2091.31
2000-08-01 12:33:00 PDT,+2403.74,-31.2773,-1228.95,-2051.64,-1184.61,+2093.12
2000-08-01 12:34:00 PDT,+2400.75,-34.0193,-1231.53,-2050.05,-1185.03,+2092.71
2000-08-01 12:35:00 PDT,+2399.46,-41.874,-1229.29,-2059.76,-1185.17,+2088.03
2000-08-01 12:36:00 PDT,+2398.39,-43.3914,-1229.99,-2059.87,-1184.8,+2087.19
2000-08-01 12:37:00 PDT,+2402.52,-43.061,-1225.89,-2061.62,-1178.4,+2086.58
2000-08-01 12:38:00 PDT,+2402.53,-41.962,-1225.86,-2061.8,-1179.92,+2086.94
2000-08-01 12:39:00 PDT,+2403.63,-41.9749,-1225.07,-2061.11,-1176.42,+2086.93
2000-08-01 12:40:00 PDT,+2402.21,-39.3849,-1227.54,-2057.18,-1179.76,+2088.8
2000-08-01 12:41:00 PDT,+2399.29,-45.4747,-1227.94,-2062.1,-1180.8,+2085.87
2000-08-01 12:42:00 PDT,+2401.78,-44.9539,-1226.17,-2060.86,-1174.27,+2086.02
2000-08-01 12:43:00 PDT,+2396.67,-45.3021,-1231.07,-2057.98,-1181.74,+2086.93
2000-08-01 12:44:00 PDT,+2398.82,-43.659,-1229.77,-2056.74,-1178.35,+2087.58
2000-08-01 12:45:00 PDT,+2398.96,-43.1925,-1229.61,-2057.88,-1180.3,+2087.56
2000-08-01 12:46:00 PDT,+2400.43,-41.1216,-1228.93,-2056.9,-1179.76,+2088.37
2000-08-01 12:47:00 PDT,+2398.36,-45.3309,-1228.97,-2061.8,-1182.61,+2086.05
2000-08-01 12:48:00 PDT,+2392.91,-47.5333,-1233.83,-2058.92,-1187.14,+2086.27
2000-08-01 12:49:00 PDT,+2395.34,-43.3329,-1233.23,-2055.2,-1185.03,+2088.32
2000-08-01 12:50:00 PDT,+2394.47,-38.3416,-1236.71,-2049.92,-1189.84,+2091.92
2000-08-01 12:51:00 PDT,+2399.53,-34.2278,-1233.43,-2048.2,-1183.9,+2093.31
2000-08-01 12:52:00 PDT,+2395.94,-38.8093,-1235.46,-2049.41,-1184.71,+2091.67
2000-08-01 12:53:00 PDT,+2391.64,-45.9269,-1237.83,-2051.63,-1183.79,+2089.16
2000-08-01 12:54:00 PDT,+2392.13,-46.2552,-1237.1,-2052.88,-1183.68,+2088.77
2000-08-01 12:55:00 PDT,+2390.96,-52.9225,-1235.72,-2058.78,-1180.56,+2085.23
2000-08-01 12:56:00 PDT,+2396.13,-52.4427,-1231.33,-2058.67,-1169,+2085.4
2000-08-01 12:57:00 PDT,+2400.34,-46.6913,-1229.49,-2055.55,-1166.57,+2087.9
2000-08-01 12:58:00 PDT,+2397.47,-54.2746,-1230.26,-2057.79,-1161.52,+2085.1
2000-08-01 12:59:00 PDT,+2395.7,-53.5272,-1232.38,-2056.21,-1165.97,+2085.96
2000-08-01 13:00:00 PDT,+2392.69,-49.3939,-1237.94,-2048.56,-1170.46,+2089.25
2000-08-01 13:01:00 PDT,+2397.88,-39.2292,-1236.51,-2041.75,-1170.19,+2093.91
2000-08-01 13:02:00 PDT,+2394.58,-46.5392,-1236.18,-2051.17,-1175.49,+2089.74
2000-08-01 13:03:00 PDT,+2397.43,-41.925,-1235.17,-2047.8,-1173.67,+2092.12
2000-08-01 13:04:00 PDT,+2396.42,-44.8834,-1235.11,-2049.01,-1171.35,+2091.45
2000-08-01 13:05:00 PDT,+2396.45,-42.3675,-1236.27,-2046.29,-1173.81,+2092.77
2000-08-01 13:06:00 PDT,+2393.31,-45.4442,-1238.21,-2046.13,-1174.76,+2092.24
2000-08-01 13:07:00 PDT,+2391.36,-50.8318,-1237.65,-2050.84,-1174.72,+2089.77
2000-08-01 13:08:00 PDT,+2388.59,-53.1389,-1239.35,-2053.93,-1179.23,+2088.31
2000-08-01 13:09:00 PDT,+2388.72,-53.0827,-1239.21,-2053.23,-1177.23,+2088.41
2000-08-01 13:10:00 PDT,+2384.25,-54.9341,-1243.18,-2052.86,-1183.07,+2087.93
2000-08-01 13:11:00 PDT,+2386.31,-61.3416,-1239.79,-2057.57,-1173.56,+2084.71
2000-08-01 13:12:00 PDT,+2390.56,-56.5921,-1238.8,-2049.7,-1163.92,+2087.44
2000-08-01 13:13:00 PDT,+2396.05,-53.3181,-1235.51,-2046.71,-1154.65,+2088.56
2000-08-01 13:14:00 PDT,+2398.03,-53.2192,-1234.05,-2047.27,-1152.75,+2088.59
2000-08-01 13:15:00 PDT,+2399.8,-53.1318,-1232.11,-2049.5,-1151.66,+2088.03
2000-08-01 13:16:00 PDT,+2396.3,-55.9323,-1233.52,-2053.38,-1159.55,+2086.78
2000-08-01 13:17:00 PDT,+2396.01,-57.9683,-1232.92,-2056.92,-1161.24,+2085.68
2000-08-01 13:18:00 PDT,+2397.66,-57.4064,-1232.67,-2056.67,-1160.28,+2085.85
2000-08-01 13:19:00 PDT,+2393.6,-55.0918,-1239.01,-2047.62,-1163.11,+2088.56
2000-08-01 13:20:00 PDT,+2390.13,-55.211,-1243.23,-2043.9,-1167.66,+2089.65
2000-08-01 13:21:00 PDT,+2382.61,-63.4694,-1247.3,-2047.09,-1172,+2087.19
2000-08-01 13:22:00 PDT,+2382.97,-56.7346,-1249.05,-2040.77,-1176.57,+2090.71
2000-08-01 13:23:00 PDT,+2375.03,-64.832,-1253.5,-2045.35,-1183.26,+2087.28
2000-08-01 13:24:00 PDT,+2391.74,-64.1197,-1252.04,-2046.34,-1182.43,+2087.52
2000-08-01 13:25:00 PDT,+2386.27,-67.293,-1258.38,-2042.32,-1185.67,+2088
2000-08-01 13:26:00 PDT,+2381.63,-75.4238,-1259.97,-2045.82,-1185.04,+2084.7
2000-08-01 13:27:00 PDT,+2388.39,-78.0559,-1252.92,-2052.3,-1173.63,+2081.77
2000-08-01 13:28:00 PDT,+2389.63,-80.4609,-1251.53,-2053.51,-1168.75,+2080.33
2000-08-01 13:29:00 PDT,+2395.14,-75.1452,-1248.62,-2050.04,-1161.37,+2082.27
2000-08-01 13:30:00 PDT,+2397.77,-78.795,-1244.48,-2054.67,-1153.9,+2080.19
2000-08-01 13:31:00 PDT,+2399.45,-73.34,-1245.5,-2050.21,-1156.28,+2082.95
2000-08-01 13:32:00 PDT,+2400.54,-71.7778,-1245.4,-2047.58,-1154.02,+2084.62
2000-08-01 13:33:00 PDT,+2400.65,-71.6178,-1243.78,-2051.79,-1158.2,+2084.24
2000-08-01 13:34:00 PDT,+2402.6,-79.7195,-1239.12,-2057.94,-1145.41,+2080.58
2000-08-01 13:35:00 PDT,+2403.27,-78.7019,-1239.83,-2053.53,-1149.23,+2095.03
2000-08-01 13:36:00 PDT,+2395.82,-79.0479,-1247.73,-2048.42,-1159.36,+2096.56
2000-08-01 13:37:00 PDT,+2394.32,-66.7167,-1254.6,-2032.46,-1166.65,+2104.51
2000-08-01 13:38:00 PDT,+2389.23,-69.0041,-1258.78,-2032.33,-1174.07,+2104.65
2000-08-01 13:39:00 PDT,+2386.55,-73.2364,-1261.08,-2032.53,-1174.85,+2103.39
2000-08-01 13:40:00 PDT,+2386.65,-72.5902,-1261.4,-2033.78,-1176.9,+2103.47
2000-08-01 13:41:00 PDT,+2382.33,-77.4302,-1263.62,-2037.55,-1181.14,+2101.66
2000-08-01 13:42:00 PDT,+2383.34,-82.5742,-1262.83,-2036.54,-1168.13,+2099.84
2000-08-01 13:43:00 PDT,+2381.08,-83.0553,-1265.71,-2032.58,-1168.63,+2100.94
2000-08-01 13:44:00 PDT,+2384.14,-83.114,-1262.63,-2033.98,-1160.2,+2100.28
2000-08-01 13:45:00 PDT,+2389.76,-83.6113,-1257.32,-2038.66,-1151.36,+2099.22
2000-08-01 13:46:00 PDT,+2383.82,-86.8475,-1262.6,-2038.13,-1157.64,+2098.87
2000-08-01 13:47:00 PDT,+2382.65,-93.195,-1261.73,-2044.79,-1157.55,+2095.64
2000-08-01 13:48:00 PDT,+2380.12,-93.1545,-1265.9,-2041.07,-1157.63,+2096.6
2000-08-01 13:49:00 PDT,+2387.21,-87.2456,-1261.32,-2037.99,-1147.83,+2098.85
2000-08-01 13:50:00 PDT,+2391.44,-75.5446,-1262.4,-2024.87,-1146.18,+2105.01
2000-08-01 13:51:00 PDT,+2386.18,-76.9555,-1268.19,-2017.97,-1148.05,+2106.3
2000-08-01 13:52:00 PDT,+2388.27,-74.2269,-1268.5,-2014.73,-1148.7,+2107.35
2000-08-01 13:53:00 PDT,+2386.54,-78.0655,-1268.46,-2020.9,-1153.95,+2105.42
2000-08-01 13:54:00 PDT,+2373.99,-87.5422,-1277.05,-2026.18,-1169.41,+2102.39
2000-08-01 13:55:00 PDT,+2384.6,-92.9873,-1279.18,-2029.47,-1173.34,+2100.51
2000-08-01 13:56:00 PDT,+2378.87,-96.4881,-1283.87,-2027.01,-1176.58,+2099.98
2000-08-01 13:57:00 PDT,+2375.23,-97.3098,-1288.04,-2022.32,-1177.76,+2100.63
2000-08-01 13:58:00 PDT,+2371.99,-94.789,-1293.49,-2012.31,-1175.87,+2103.66
2000-08-01 13:59:00 PDT,+2396.7,-84.0351,-1287.44,-2011.13,-1173.85,+2107.03
2000-08-01 14:00:00 PDT,+2386.52,-95.6041,-1292.68,-2007.47,-1167.5,+2103.29
2000-08-01 14:01:00 PDT,+2384.37,-97.1838,-1294.84,-2006.76,-1168.12,+2103.26
2000-08-01 14:02:00 PDT,+2383.57,-103.208,-1293.18,-2012.45,-1162.83,+2100.14
2000-08-01 14:03:00 PDT,+2385.13,-96.0395,-1295.58,-2000.04,-1158.82,+2105.17
2000-08-01 14:04:00 PDT,+2385.78,-95.5354,-1295.66,-1998.72,-1157.27,+2105.53
2000-08-01 14:05:00 PDT,+2389.25,-101.695,-1289.44,-2011.07,-1153.49,+2101.35
2000-08-01 14:06:00 PDT,+2395.88,-87.835,-1288.73,-2003.87,-1159.81,+2107.14
2000-08-01 14:07:00 PDT,+2404.09,-86.4834,-1280.53,-2016.38,-1159.23,+2104.92
2000-08-01 14:08:00 PDT,+2405.29,-83.2292,-1279.9,-2015.55,-1162.6,+2106.34
2000-08-01 14:09:00 PDT,+2413.63,-80.7305,-1272.04,-2023.38,-1156.14,+2105.12
2000-08-01 14:10:00 PDT,+2416.56,-73.4096,-1271.09,-2018.42,-1153.91,+2108.66
2000-08-01 14:11:00 PDT,+2410.52,-83.413,-1273.3,-2023.94,-1154.38,+2104.77
2000-08-01 14:12:00 PDT,+2402.1,-85.4889,-1281.24,-2014.72,-1157.81,+2106.55
2000-08-01 14:13:00 PDT,+2400.83,-86.1132,-1283.29,-2008.02,-1151.27,+2108.24
2000-08-01 14:14:00 PDT,+2396.8,-89.1274,-1286.33,-2005.8,-1152.29,+2108.07
2000-08-01 14:15:00 PDT,+2386.71,-100.671,-1292.24,-2009.03,-1156.21,+2103.79
2000-08-01 14:16:00 PDT,+2385.28,-101.13,-1293.06,-2009.34,-1160.05,+2104.53
2000-08-01 14:17:00 PDT,+2393.31,-90.9798,-1290.01,-2000.56,-1153.92,+2108.58
2000-08-01 14:18:00 PDT,+2394.05,-92.6636,-1289,-2001.75,-1149.9,+2107.48
2000-08-01 14:19:00 PDT,+2398.9,-88.4283,-1285.88,-2001.72,-1146.95,+2108.33
2000-08-01 14:20:00 PDT,+2407.38,-79.9319,-1281.15,-2000.47,-1142.58,+2110.28
2000-08-01 14:21:00 PDT,+2407.31,-79.9548,-1288.57,-2015.94,-1146.54,+2110.07
2000-08-01 14:22:00 PDT,+2400.85,-89.1617,-1290.99,-2025.16,-1156.12,+2106.26
2000-08-01 14:23:00 PDT,+2395.98,-95.7579,-1293.23,-2031.93,-1160.64,+2103.63
2000-08-01 14:24:00 PDT,+2392.68,-99.9915,-1295.26,-2033.58,-1161.84,+2102.16
2000-08-01 14:25:00 PDT,+2378.75,-114.329,-1304.02,-2029.49,-1159.22,+2097.88
2000-08-01 14:26:00 PDT,+2376.17,-119.935,-1305.55,-2029.46,-1153.89,+2095.66
2000-08-01 14:27:00 PDT,+2373.94,-112.246,-1310.82,-2013.97,-1154.65,+2101.8
2000-08-01 14:28:00 PDT,+2382.51,-106.594,-1305.59,-2009.56,-1142.34,+2103.05
2000-08-01 14:29:00 PDT,+2380.54,-105.536,-1307.28,-2007.83,-1147.1,+2103.61
2000-08-01 14:30:00 PDT,+2372.69,-113.234,-1312.2,-2008.98,-1150.54,+2101.07
2000-08-01 14:31:00 PDT,+2389.03,-110.793,-1311.78,-2007.5,-1153.27,+2102.17
2000-08-01 14:32:00 PDT,+2386.28,-111.958,-1314.63,-2007.62,-1159.94,+2103.27
2000-08-01 14:33:00 PDT,+2388.84,-115.228,-1310.95,-2014.53,-1156.36,+2100.09
2000-08-01 14:34:00 PDT,+2393.38,-115.841,-1305.54,-2022.8,-1153.81,+2098.65
2000-08-01 14:35:00 PDT,+2408.02,-104.216,-1295.31,-2023.59,-1146.16,+2101.96
2000-08-01 14:36:00 PDT,+2409.43,-102.447,-1293.36,-2028.88,-1151.93,+2101.83
2000-08-01 14:37:00 PDT,+2416.02,-97.3943,-1286.08,-2039.12,-1159.19,+2101.29
2000-08-01 14:38:00 PDT,+2414.84,-100.025,-1286.6,-2040.13,-1158.47,+2099.88
2000-08-01 14:39:00 PDT,+2403.65,-113.686,-1292.22,-2047,-1164.13,+2093.94
2000-08-01 14:40:00 PDT,+2389.02,-110.527,-1310.1,-2010.63,-1157.03,+2102.75
2000-08-01 14:41:00 PDT,+2385.65,-107.871,-1314.57,-2003.37,-1159.81,+2105.19
2000-08-01 14:42:00 PDT,+2387.9,-109.365,-1310.42,-2007.07,-1154.25,+2103.92
2000-08-01 14:43:00 PDT,+2395.57,-103.15,-1306.11,-2002.99,-1144.99,+2105.98
2000-08-01 14:44:00 PDT,+2397.32,-94.9625,-1307.45,-1994.35,-1146.51,+2109.98
2000-08-01 14:45:00 PDT,+2384.97,-114.818,-1312.53,-2002.52,-1142.18,+2101.26
2000-08-01 14:46:00 PDT,+2390.39,-113.692,-1307.71,-2007.03,-1137.74,+2100.16
2000-08-01 14:47:00 PDT,+2394.43,-113.323,-1303.44,-2011.54,-1135.4,+2099.08
2000-08-01 14:48:00 PDT,+2391.67,-118.06,-1304.28,-2014.39,-1135.85,+2096.72
2000-08-01 14:49:00 PDT,+2385.53,-120.981,-1307.78,-2022.14,-1153.37,+2095.37
2000-08-01 14:50:00 PDT,+2398.1,-104.62,-1301.85,-2020.54,-1157.52,+2102
2000-08-01 14:51:00 PDT,+2410.9,-97.254,-1291.41,-2029.11,-1154.73,+2102
2000-08-01 14:52:00 PDT,+2408.5,-96.6199,-1292.25,-2032.27,-1163.29,+2102.46
2000-08-01 14:53:00 PDT,+2413.55,-86.4262,-1291.1,-2021.63,-1160.11,+2107.48
2000-08-01 14:54:00 PDT,+2411.11,-89.5144,-1292.97,-2017.66,-1153.85,+2107.36
2000-08-01 14:55:00 PDT,+2414.22,-92.3242,-1288.55,-2024.83,-1149.84,+2104.16
2000-08-01 14:56:00 PDT,+2412.49,-86.1804,-1292.44,-2014.44,-1154.67,+2108.79
2000-08-01 14:57:00 PDT,+2414.25,-82.5661,-1292.91,-2010.58,-1155.19,+2110.57
2000-08-01 14:58:00 PDT,+2413.44,-92.4588,-1290.46,-2019.54,-1148.08,+2104.58
2000-08-01 14:59:00 PDT,+2404.57,-100.01,-1294.8,-2025.02,-1157.14,+2101.18
2000-08-01 15:00:00 PDT,+2394.44,-109.765,-1301.24,-2023.27,-1156.79,+2098.38
2000-08-01 15:01:00 PDT,+2391.78,-108.687,-1303.64,-2020.12,-1159.55,+2099.63
2000-08-01 15:02:00 PDT,+2402.1,-94.4694,-1299.49,-2013.13,-1158.47,+2104.91
2000-08-01 15:03:00 PDT,+2411.14,-95.3603,-1289.58,-2025.88,-1152.3,+2101.23
2000-08-01 15:04:00 PDT,+2409.52,-101.942,-1287.9,-2036.35,-1155.03,+2097.09
2000-08-01 15:05:00 PDT,+2420.26,-89.2314,-1281.28,-2036.22,-1155.12,+2100.94
2000-08-01 15:06:00 PDT,+2416.19,-94.6614,-1282.99,-2041.53,-1160.47,+2098.49
2000-08-01 15:07:00 PDT,+2416.64,-90.3197,-1283.2,-2042.27,-1166.95,+2099.77
2000-08-01 15:08:00 PDT,+2420.86,-82.1815,-1281.95,-2038.07,-1167.21,+2103.19
2000-08-01 15:09:00 PDT,+2421.34,-80.1181,-1283.61,-2030.2,-1161.06,+2105.17
2000-08-01 15:10:00 PDT,+2420.93,-88.5572,-1279.65,-2042.87,-1161.26,+2098.78
2000-08-01 15:11:00 PDT,+2419.57,-80.0898,-1284.56,-2030.81,-1163.84,+2104.32
2000-08-01 15:12:00 PDT,+2412.47,-83.8891,-1290.3,-2027.1,-1167.86,+2104.1
2000-08-01 15:13:00 PDT,+2412.24,-81.1469,-1292.36,-2017.6,-1164.15,+2106.86
2000-08-01 15:14:00 PDT,+2420.28,-66.8187,-1289.41,-2011.61,-1168.84,+2112.65
2000-08-01 15:15:00 PDT,+2407.84,-75.9021,-1299.44,-1997.79,-1162.48,+2112.9
2000-08-01 15:16:00 PDT,+2403.51,-86.9999,-1298.69,-2007.67,-1160.82,+2107.03
2000-08-01 15:17:00 PDT,+2393.53,-96.7592,-1303.63,-2013.43,-1171.11,+2103.01
2000-08-01 15:18:00 PDT,+2395.26,-98.1596,-1302.11,-2013.29,-1165.05,+2101.89
2000-08-01 15:19:00 PDT,+2405.66,-85.3137,-1296.57,-2006.49,-1157.71,+2106.73
2000-08-01 15:20:00 PDT,+2413.76,-74.9436,-1291.15,-2009.93,-1163.86,+2109.56
2000-08-01 15:21:00 PDT,+2424.34,-71.9823,-1280.3,-2025.1,-1163.02,+2106.94
2000-08-01 15:22:00 PDT,+2421.3,-76.9995,-1281,-2033.02,-1167.96,+2103.91
2000-08-01 15:23:00 PDT,+2420.49,-77.7665,-1279.98,-2040.54,-1179.22,+2102.66
2000-08-01 15:24:00 PDT,+2419.78,-84.8431,-1276.72,-2052.27,-1181.3,+2097.89
2000-08-01 15:25:00 PDT,+2407.45,-99.3593,-1285.61,-2045.07,-1170.94,+2094.25
2000-08-01 15:26:00 PDT,+2412.24,-93.4834,-1282.74,-2043.13,-1169.61,+2096.37
2000-08-01 15:27:00 PDT,+2411.38,-93.6286,-1283.35,-2043.09,-1171.51,+2096.17
2000-08-01 15:28:00 PDT,+2410.82,-90.2008,-1285.82,-2034.89,-1167.75,+2098.55
2000-08-01 15:29:00 PDT,+2411.18,-87.7494,-1287.55,-2027.89,-1162.77,+2100.59
2000-08-01 15:30:00 PDT,+2393.83,-105.985,-1298.79,-2015.35,-1144.62,+2096.72
2000-08-01 15:31:00 PDT,+2397.67,-104.047,-1294.75,-2022.71,-1151.47,+2095.62
2000-08-01 15:32:00 PDT,+2401.87,-89.7392,-1295.03,-2013.09,-1158.51,+2102.81
2000-08-01 15:33:00 PDT,+2402.93,-81.9313,-1296.6,-2005.77,-1162.57,+2107.52
2000-08-01 15:34:00 PDT,+2406.2,-84.0865,-1292.38,-2012.33,-1159.57,+2105.42
2000-08-01 15:35:00 PDT,+2400.44,-85.4106,-1297.93,-2005.09,-1161.11,+2106.25
2000-08-01 15:36:00 PDT,+2402.95,-88.7616,-1293.94,-2010.85,-1153.2,+2103.54
2000-08-01 15:37:00 PDT,+2395.86,-103.52,-1295.13,-2023.76,-1155.85,+2096.04
2000-08-01 15:38:00 PDT,+2387.94,-110.405,-1300.27,-2020.25,-1153.93,+2094.3
2000-08-01 15:39:00 PDT,+2390.54,-105.778,-1299.79,-2016,-1152.74,+2096.6
2000-08-01 15:40:00 PDT,+2376.22,-106.704,-1314.61,-1994.87,-1156.1,+2101.01
2000-08-01 15:41:00 PDT,+2387.38,-97.2689,-1306.88,-1996.29,-1151.26,+2103.16
2000-08-01 15:42:00 PDT,+2392.26,-89.5473,-1304.42,-1994.96,-1154.62,+2106.32
2000-08-01 15:43:00 PDT,+2400.38,-90.7953,-1295.91,-2008.54,-1150.29,+2103.14
2000-08-01 15:44:00 PDT,+2399.66,-95.8114,-1294.56,-2015.23,-1150.59,+2100.09
2000-08-01 15:45:00 PDT,+2402.54,-98.1946,-1290.33,-2023.22,-1150.03,+2097.67
2000-08-01 15:46:00 PDT,+2407.78,-98.6656,-1284.94,-2031.09,-1149.61,+2095.95
2000-08-01 15:47:00 PDT,+2412.15,-97.2906,-1280.75,-2035.28,-1146.96,+2095.37
2000-08-01 15:48:00 PDT,+2415.26,-91.0497,-1279.49,-2034.44,-1151.38,+2097.6
2000-08-01 15:49:00 PDT,+2412.24,-96.4751,-1280.09,-2039.47,-1156.68,+2095.21
2000-08-01 15:50:00 PDT,+2414.86,-94.973,-1277.95,-2040.13,-1152.05,+2094.91
2000-08-01 15:51:00 PDT,+2405.67,-100.442,-1285.94,-2034.64,-1155.96,+2094.52
2000-08-01 15:52:00 PDT,+2405.83,-97.2526,-1287.12,-2030.03,-1155.79,+2096.49
2000-08-01 15:53:00 PDT,+2403.13,-92.9303,-1291.78,-2020.34,-1159.19,+2100.3
2000-08-01 15:54:00 PDT,+2404.71,-86.9009,-1292.77,-2010.41,-1155.11,+2104.57
2000-08-01 15:55:00 PDT,+2381.43,-110.18,-1308.74,-1998.71,-1143.54,+2099.31
2000-08-01 15:56:00 PDT,+2372.9,-122.48,-1311.93,-2009.09,-1152.21,+2094.07
2000-08-01 15:57:00 PDT,+2376.62,-124.755,-1307,-2017.5,-1147.81,+2091.67
2000-08-01 15:58:00 PDT,+2383.08,-121.091,-1301.98,-2022.73,-1148.61,+2092.18
2000-08-01 15:59:00 PDT,+2387.45,-122.684,-1297.33,-2030.46,-1145.58,+2089.68
2000-08-01 16:00:00 PDT,+2388.19,-122.722,-1296.7,-2030.18,-1141.39,+2089.44
2000-08-01 16:01:00 PDT,+2395.08,-111.169,-1294.66,-2023.05,-1140.65,+2093.85
2000-08-01 16:02:00 PDT,+2397.41,-106.532,-1294.19,-2018.45,-1139.28,+2095.9
2000-08-01 16:03:00 PDT,+2402.77,-102.683,-1289.96,-2020.78,-1138.36,+2096.81
2000-08-01 16:04:00 PDT,+2407.27,-99.1833,-1285.72,-2024.49,-1139.3,+2096.82
2000-08-01 16:05:00 PDT,+2408.04,-101.681,-1283.25,-2030.96,-1140.53,+2094.86
2000-08-01 16:06:00 PDT,+2401.25,-108.016,-1287.58,-2032.11,-1143.46,+2092.64
2000-08-01 16:07:00 PDT,+2396.97,-109.086,-1291.34,-2031.25,-1150.56,+2093.12
2000-08-01 16:08:00 PDT,+2394.97,-107.184,-1293.64,-2028.25,-1155.24,+2093.98
2000-08-01 16:09:00 PDT,+2397.26,-99.6541,-1294.49,-2019.34,-1155.76,+2098.05
2000-08-01 16:10:00 PDT,+2397.72,-96.9392,-1294.8,-2017.42,-1156.77,+2098.77
2000-08-01 16:11:00 PDT,+2395.41,-100.137,-1295.34,-2020.03,-1157.37,+2097.86
2000-08-01 16:12:00 PDT,+2393.51,-102.218,-1294.87,-2026.08,-1162.66,+2095.92
2000-08-01 16:13:00 PDT,+2384.52,-109.116,-1300.69,-2025.54,-1166.77,+2094.27
2000-08-01 16:14:00 PDT,+2381.24,-111.568,-1302.73,-2024.88,-1168.15,+2094.14
2000-08-01 16:15:00 PDT,+2387.06,-106.429,-1302.86,-1999.94,-1134.55,+2098.87
2000-08-01 16:16:00 PDT,+2394.97,-101.97,-1297.22,-2001.23,-1127.56,+2099.58
2000-08-01 16:17:00 PDT,+2403.64,-84.648,-1295.89,-1988.08,-1129.95,+2107.87
2000-08-01 16:18:00 PDT,+2405.17,-84.9314,-1301.45,-2006.75,-1132.73,+2106.6
2000-08-01 16:19:00 PDT,+2408.77,-75.2912,-1301.49,-2002.19,-1138.18,+2110.53
2000-08-01 16:20:00 PDT,+2397.7,-80.9354,-1311.45,-1984.58,-1128.03,+2111.74
2000-08-01 16:21:00 PDT,+2398.16,-73.3043,-1313.93,-1974.83,-1130.18,+2116.78
2000-08-01 16:22:00 PDT,+2391.61,-88.2683,-1322.43,-2002.32,-1132.1,+2109.1
2000-08-01 16:23:00 PDT,+2401.41,-86.1171,-1313.36,-2012.96,-1127.26,+2107.12
2000-08-01 16:24:00 PDT,+2401.13,-92.4325,-1310.66,-2024.5,-1130.48,+2103.23
2000-08-01 16:25:00 PDT,+2379.47,-117.544,-1322.14,-2031.86,-1137.3,+2094.13
2000-08-01 16:26:00 PDT,+2384.07,-110.131,-1320.73,-2026.86,-1136.07,+2097.1
2000-08-01 16:27:00 PDT,+2388.99,-108.301,-1316.52,-2031,-1135.23,+2096.72
2000-08-01 16:28:00 PDT,+2390.39,-101.662,-1317.27,-2026.28,-1141.82,+2101.1
2000-08-01 16:29:00 PDT,+2404.49,-93.1488,-1306.41,-2033.54,-1139.22,+2101.86
2000-08-01 16:30:00 PDT,+2416.55,-85.9097,-1296.43,-2040.59,-1136.36,+2102.53
2000-08-01 16:31:00 PDT,+2420.17,-76.8921,-1294.99,-2040.89,-1146.9,+2106.21
2000-08-01 16:32:00 PDT,+2421.26,-79.2769,-1293.07,-2047.46,-1149.27,+2104.45
2000-08-01 16:33:00 PDT,+2427.27,-73.2758,-1289.58,-2045.08,-1144.82,+2106.99
2000-08-01 16:34:00 PDT,+2414.95,-70.7692,-1287.8,-2046.41,-1144.65,+2107.75
2000-08-01 16:35:00 PDT,+2412.38,-78.1219,-1286.33,-2059.08,-1152.88,+2102.86
2000-08-01 16:36:00 PDT,+2409.44,-85.602,-1278.79,-2051.96,-1153.75,+2098.98
2000-08-01 16:37:00 PDT,+2411.82,-86.5456,-1277.48,-2049.91,-1144.8,+2098.71
2000-08-01 16:38:00 PDT,+2411.16,-88.6275,-1278,-2048.41,-1139.72,+2097.98
2000-08-01 16:39:00 PDT,+2410.66,-80.4949,-1282.43,-2034.64,-1140.78,+2103.64
2000-08-01 16:40:00 PDT,+2411.65,-73.821,-1283.73,-2029.07,-1145.93,+2107.03
2000-08-01 16:41:00 PDT,+2407.27,-78.0958,-1286.81,-2028.5,-1148.55,+2105.8
2000-08-01 16:42:00 PDT,+2405.7,-73.5539,-1288.73,-2029.3,-1161.22,+2107.72
2000-08-01 16:43:00 PDT,+2407,-75.058,-1286.32,-2035.73,-1163.24,+2106.2
2000-08-01 16:44:00 PDT,+2409.32,-80.9734,-1281.02,-2047.91,-1158.79,+2101.59
2000-08-01 16:45:00 PDT,+2410.9,-82.9742,-1278.86,-2051.71,-1156.6,+2099.62
2000-08-01 16:46:00 PDT,+2419.34,-78.4461,-1272.19,-2054.95,-1152.9,+2100.3
2000-08-01 16:47:00 PDT,+2419.42,-75.5723,-1273.69,-2051.37,-1154.71,+2102.16
2000-08-01 16:48:00 PDT,+2417.14,-78.064,-1275.3,-2053.32,-1158.67,+2101.28
2000-08-01 16:49:00 PDT,+2415.59,-77.1889,-1277.07,-2052.39,-1161.74,+2101.8
2000-08-01 16:50:00 PDT,+2415.25,-79.5496,-1276.84,-2056.55,-1165.48,+2100.06
2000-08-01 16:51:00 PDT,+2411.2,-81.5407,-1280.53,-2055.9,-1169.12,+2099.82
2000-08-01 16:52:00 PDT,+2411.89,-83.4142,-1278.24,-2061.93,-1171.79,+2098.32
2000-08-01 16:53:00 PDT,+2420.63,-71.9229,-1273.83,-2057.46,-1170.5,+2102.48
2000-08-01 16:54:00 PDT,+2422.41,-69.2752,-1272.9,-2055.85,-1170.15,+2103.63
2000-08-01 16:55:00 PDT,+2422.56,-69.7081,-1272.37,-2057.29,-1171.96,+2103.3
2000-08-01 16:56:00 PDT,+2422.66,-69.5026,-1272.79,-2057.33,-1171.52,+2103.37
2000-08-01 16:57:00 PDT,+2424.15,-72.279,-1270.43,-2061.89,-1169.21,+2101.09
2000-08-01 16:58:00 PDT,+2427.41,-72.0764,-1267.57,-2063.04,-1162.18,+2101.01
2000-08-01 16:59:00 PDT,+2415.47,-72.0944,-1264.34,-2065.91,-1157.26,+2100.01
2000-08-01 17:00:00 PDT,+2414.43,-67.2216,-1267.7,-2058.94,-1158.47,+2102.92
2000-08-01 17:01:00 PDT,+2412.06,-67.6822,-1270.93,-2058.19,-1162.67,+2103.26
2000-08-01 17:02:00 PDT,+2410.05,-66.8826,-1272.19,-2059.74,-1169.39,+2103.43
2000-08-01 17:03:00 PDT,+2410.47,-68.0316,-1271.28,-2062.04,-1168.9,+2102.83
2000-08-01 17:04:00 PDT,+2414.29,-64.8301,-1267.61,-2065.23,-1169.63,+2102.8
2000-08-01 17:05:00 PDT,+2412.03,-63.9679,-1269.82,-2063.1,-1172.97,+2104.34
2000-08-01 17:06:00 PDT,+2412.69,-63.1546,-1268.58,-2064.02,-1174.04,+2104.76
2000-08-01 17:07:00 PDT,+2414.37,-61.0424,-1266.99,-2065.88,-1175.91,+2105.39
2000-08-01 17:08:00 PDT,+2412.62,-55.8427,-1271.77,-2056.73,-1180.59,+2109.09
2000-08-01 17:09:00 PDT,+2411.27,-51.4846,-1275,-2050.38,-1183.61,+2111.81
2000-08-01 17:10:00 PDT,+2414.62,-47.7818,-1272.37,-2051.11,-1183.85,+2112.47
2000-08-01 17:11:00 PDT,+2418.99,-44.9308,-1268.09,-2053.58,-1181.43,+2112.63
2000-08-01 17:12:00 PDT,+2420.27,-46.8338,-1265.74,-2057.11,-1179.79,+2110.83
2000-08-01 17:13:00 PDT,+2421.3,-47.4128,-1263.97,-2058.4,-1178.44,+2110.55
2000-08-01 17:14:00 PDT,+2420.18,-54.1671,-1262.41,-2068.39,-1181.55,+2106.36
2000-08-01 17:15:00 PDT,+2421.27,-53.3693,-1261.16,-2070.66,-1182.86,+2105.67
2000-08-01 17:16:00 PDT,+2424.42,-50.5976,-1258.94,-2070.89,-1181.45,+2106.35
2000-08-01 17:17:00 PDT,+2423.49,-51.2192,-1259.53,-2070.46,-1182.25,+2106
2000-08-01 17:18:00 PDT,+2424.48,-56.6708,-1256.6,-2077.73,-1179.03,+2102.44
2000-08-01 17:19:00 PDT,+2424.85,-56.051,-1248.97,-2063.31,-1177.8,+2102.89
2000-08-01 17:20:00 PDT,+2425.52,-59.8189,-1246.96,-2066.85,-1174.44,+2100.77
2000-08-01 17:21:00 PDT,+2412.8,-56.5581,-1245.28,-2066.13,-1173.91,+2101.9
2000-08-01 17:22:00 PDT,+2408.72,-57.2699,-1249.15,-2064.35,-1180.52,+2102.51
2000-08-01 17:23:00 PDT,+2407.26,-59.928,-1248.95,-2068.73,-1184.38,+2100.88
2000-08-01 17:24:00 PDT,+2408.03,-59.524,-1248.57,-2068.58,-1184.12,+2101.03
2000-08-01 17:25:00 PDT,+2404.37,-58.8193,-1253.14,-2064.41,-1189.47,+2101.64
2000-08-01 17:26:00 PDT,+2405.51,-56.6991,-1253.65,-2061.37,-1186.5,+2102.89
2000-08-01 17:27:00 PDT,+2403.58,-56.0837,-1256.26,-2059.84,-1189.96,+2103.05
2000-08-01 17:28:00 PDT,+2402.22,-57.8026,-1257.59,-2060.34,-1191.82,+2102.51
2000-08-01 17:29:00 PDT,+2402.73,-60.3787,-1256.18,-2064.75,-1192.24,+2100.11
2000-08-01 17:30:00 PDT,+2402.69,-54.8769,-1257.8,-2059.69,-1195.17,+2103.38
2000-08-01 17:31:00 PDT,+2402.2,-58.7947,-1256.69,-2063.98,-1195.02,+2101.23
2000-08-01 17:32:00 PDT,+2402.08,-63.1267,-1255.4,-2067.83,-1193.61,+2098.96
2000-08-01 17:33:00 PDT,+2402,-62.8154,-1255.5,-2067.55,-1193.88,+2099.46
2000-08-01 17:34:00 PDT,+2401.91,-64.9797,-1254.87,-2069.8,-1193.43,+2098.53
2000-08-01 17:35:00 PDT,+2399.35,-70.9916,-1256.53,-2072.39,-1193.62,+2096.13
2000-08-01 17:36:00 PDT,+2399.29,-68.3362,-1257.7,-2069.23,-1193.84,+2097.98
2000-08-01 17:37:00 PDT,+2398.94,-69.8306,-1257.99,-2070.07,-1193.17,+2097.31
2000-08-01 17:38:00 PDT,+2398.98,-70.8515,-1257.21,-2071.89,-1193.87,+2096.59
2000-08-01 17:39:00 PDT,+2398.87,-73.2951,-1256.83,-2073.45,-1193.04,+2095.45
2000-08-01 17:40:00 PDT,+2399.14,-73.593,-1256.33,-2074.33,-1192.8,+2095.42
2000-08-01 17:41:00 PDT,+2398.42,-75.7965,-1256.11,-2076.32,-1193.87,+2094.33
2000-08-01 17:42:00 PDT,+2395.89,-80.9239,-1249.68,-2065.86,-1195.08,+2092.22
2000-08-01 17:43:00 PDT,+2397.6,-81.2283,-1246.79,-2068.78,-1194.39,+2091.1
2000-08-01 17:44:00 PDT,+2399.17,-77.8779,-1246.23,-2066.18,-1192.49,+2092.95
2000-08-01 17:45:00 PDT,+2399.85,-75.4369,-1246.37,-2064.06,-1191.03,+2094.42
2000-08-01 17:46:00 PDT,+2400.34,-74.6068,-1245.93,-2064.05,-1191.84,+2094.44
2000-08-01 17:47:00 PDT,+2401.36,-70.0108,-1245.85,-2061.69,-1193.1,+2096.4
2000-08-01 17:48:00 PDT,+2402.46,-65.7757,-1246.52,-2057.77,-1191.6,+2098.83
2000-08-01 17:49:00 PDT,+2404.8,-59.1754,-1245.97,-2054.59,-1191.93,+2101.28
2000-08-01 17:50:00 PDT,+2402.94,-60.0424,-1248.87,-2052.09,-1191.8,+2101.96
2000-08-01 17:51:00 PDT,+2403.37,-58.1532,-1249.15,-2050.76,-1191.66,+2102.84
2000-08-01 17:52:00 PDT,+2402.69,-58.2925,-1249.76,-2050.82,-1193.2,+2102.58
2000-08-01 17:53:00 PDT,+2403.96,-56.0838,-1248.81,-2050.16,-1192.58,+2103.37
2000-08-01 17:54:00 PDT,+2404.75,-54.3089,-1249.17,-2047.69,-1189.95,+2104.97
2000-08-01 17:55:00 PDT,+2404.59,-53.7981,-1249.6,-2046.66,-1190.04,+2105.37
2000-08-01 17:56:00 PDT,+2402.86,-54.663,-1251.52,-2046.03,-1192.18,+2105.08
2000-08-01 17:57:00 PDT,+2402.63,-54.7898,-1252.61,-2044.16,-1190.03,+2105.98
2000-08-01 17:58:00 PDT,+2402,-54.8876,-1253.15,-2044.23,-1191.53,+2105.73
2000-08-01 17:59:00 PDT,+2403.51,-53.4032,-1251.1,-2045.57,-1191.78,+2105.57
2000-08-01 18:00:00 PDT,+2407.09,-48.0952,-1248.69,-2043.6,-1188,+2107.96
2000-08-01 18:01:00 PDT,+2406.68,-48.5655,-1248.7,-2044.42,-1189.41,+2107.38
2000-08-01 18:02:00 PDT,+2408.29,-49.8383,-1246.08,-2046.93,-1186.97,+2106.63
2000-08-01 18:03:00 PDT,+2408.49,-51.0566,-1244.82,-2049.37,-1187.88,+2105.42
2000-08-01 18:04:00 PDT,+2407.84,-51.2176,-1245.42,-2049.41,-1189.3,+2105.16
2000-08-01 18:05:00 PDT,+2406.6,-52.753,-1246.29,-2050.17,-1191.09,+2104.31
2000-08-01 18:06:00 PDT,+2407.34,-53.7184,-1244.84,-2051.88,-1190.18,+2103.64
2000-08-01 18:07:00 PDT,+2405.99,-52.8979,-1246.95,-2050.01,-1192.2,+2104.16
2000-08-01 18:08:00 PDT,+2404.66,-56.2918,-1247.12,-2052.6,-1193.87,+2102.32
2000-08-01 18:09:00 PDT,+2403.67,-57.7971,-1247.55,-2053.78,-1195.64,+2101.33
2000-08-01 18:10:00 PDT,+2403.76,-55.8273,-1248.3,-2051.84,-1195.76,+2102.39
2000-08-01 18:11:00 PDT,+2404.62,-55.0852,-1248.1,-2050.45,-1192.88,+2103.44
2000-08-01 18:12:00 PDT,+2406.03,-58.2148,-1244.84,-2054.84,-1190.64,+2101.62
2000-08-01 18:13:00 PDT,+2406.75,-61.0807,-1243.64,-2056.16,-1186.33,+2101.19
2000-08-01 18:14:00 PDT,+2407.52,-60.7848,-1242.57,-2056.89,-1185.82,+2101.09
2000-08-01 18:15:00 PDT,+2409.3,-59.9265,-1240.58,-2057.53,-1183.59,+2101.37
2000-08-01 18:16:00 PDT,+2409.13,-62.0235,-1239.88,-2059.55,-1183.57,+2100.23
2000-08-01 18:17:00 PDT,+2410.31,-60.396,-1239.2,-2058.49,-1181.73,+2101.2
2000-08-01 18:18:00 PDT,+2408.46,-64.7334,-1240.09,-2060.61,-1182.59,+2099.43
2000-08-01 18:19:00 PDT,+2407.2,-66.3233,-1241.65,-2059.87,-1182.17,+2099.4
2000-08-01 18:20:00 PDT,+2406.98,-66.0204,-1242.16,-2059.21,-1182.3,+2099.66
2000-08-01 18:21:00 PDT,+2409.85,-62.5278,-1239.72,-2058.44,-1179.48,+2101.08
2000-08-01 18:22:00 PDT,+2410.5,-59.0305,-1240.29,-2055.64,-1179.36,+2102.78
2000-08-01 18:23:00 PDT,+2411.57,-58.5761,-1239.66,-2054.82,-1176.35,+2103.57
2000-08-01 18:24:00 PDT,+2411.99,-61.9702,-1238.14,-2057.42,-1173.67,+2102.34
2000-08-01 18:25:00 PDT,+2411.92,-60.5651,-1238.49,-2056.72,-1175.02,+2102.69
2000-08-01 18:26:00 PDT,+2410.99,-60.5482,-1239.58,-2056.17,-1176.68,+2102.65
2000-08-01 18:27:00 PDT,+2410.08,-61.2438,-1239.88,-2057.39,-1179.52,+2101.71
2000-08-01 18:28:00 PDT,+2411.27,-59.7714,-1239.1,-2056.56,-1177.74,+2102.56
2000-08-01 18:29:00 PDT,+2412.96,-57.4927,-1237.51,-2056.39,-1176.81,+2103.23
2000-08-01 18:30:00 PDT,+2412.32,-56.0477,-1239.22,-2053.86,-1177.14,+2104.34
2000-08-01 18:31:00 PDT,+2412.54,-54.1055,-1239.77,-2052.1,-1177.11,+2105.35
2000-08-01 18:32:00 PDT,+2413.52,-53.4658,-1238.55,-2052.7,-1176.52,+2105.37
2000-08-01 18:33:00 PDT,+2414.55,-52.7135,-1237.3,-2053.27,-1175.89,+2105.43
2000-08-01 18:34:00 PDT,+2413.35,-52.8025,-1238.42,-2053.33,-1178.83,+2104.97
2000-08-01 18:35:00 PDT,+2412.1,-53.4107,-1240.13,-2052.24,-1179.56,+2105.09
2000-08-01 18:36:00 PDT,+2412.67,-53.3849,-1239.58,-2052.25,-1178.18,+2105.29
2000-08-01 18:37:00 PDT,+2413.84,-50.0462,-1239.63,-2049.57,-1176.66,+2107.12
2000-08-01 18:38:00 PDT,+2412.93,-52.9158,-1239.02,-2052.96,-1179.18,+2105.03
2000-08-01 18:39:00 PDT,+2410.68,-55.3763,-1241.07,-2053.25,-1181.41,+2104.09
2000-08-01 18:40:00 PDT,+2409.37,-54.5829,-1243.1,-2051.48,-1183.45,+2104.57
2000-08-01 18:41:00 PDT,+2408.91,-55.4261,-1243.82,-2050.88,-1182.54,+2104.72
2000-08-01 18:42:00 PDT,+2411.05,-51.5068,-1242.21,-2049.76,-1181.6,+2106.08
2000-08-01 18:43:00 PDT,+2412.34,-47.5683,-1241.54,-2048.27,-1182.24,+2107.34
2000-08-01 18:44:00 PDT,+2412.98,-47.6666,-1240.94,-2048.3,-1180.56,+2107.53
2000-08-01 18:45:00 PDT,+2413.46,-44.3364,-1241.57,-2045.72,-1180.86,+2109.07
2000-08-01 18:46:00 PDT,+2414.13,-45.4828,-1240.75,-2046.23,-1178.18,+2109.01
2000-08-01 18:47:00 PDT,+2414.13,-45.4704,-1240.77,-2046.21,-1178.18,+2109.02
2000-08-01 18:48:00 PDT,+2413.76,-46.8849,-1239.87,-2048.97,-1180.74,+2107.44
2000-08-01 18:49:00 PDT,+2414.64,-47.4327,-1238.49,-2050.17,-1179.39,+2107.12
2000-08-01 18:50:00 PDT,+2414.74,-45.6804,-1239.1,-2048.45,-1179.41,+2108.07
2000-08-01 18:51:00 PDT,+2415.12,-46.312,-1238.19,-2049.69,-1179.19,+2107.55
2000-08-01 18:52:00 PDT,+2414.36,-47.0374,-1238.31,-2051.08,-1181.9,+2106.55
2000-08-01 18:53:00 PDT,+2414.29,-45.6864,-1238.63,-2050.41,-1183.15,+2106.9
2000-08-01 18:54:00 PDT,+2414.36,-47.9135,-1237.55,-2052.82,-1182.92,+2105.65
2000-08-01 18:55:00 PDT,+2414.99,-46.172,-1237.68,-2051.07,-1181.5,+2106.81
2000-08-01 18:56:00 PDT,+2413.25,-47.3512,-1239.49,-2050.79,-1183.66,+2106.33
2000-08-01 18:57:00 PDT,+2412.94,-47.9492,-1240.15,-2050.07,-1182.7,+2106.58
2000-08-01 18:58:00 PDT,+2411.51,-51.633,-1240.27,-2052.91,-1184.53,+2104.56
2000-08-01 18:59:00 PDT,+2410.45,-51.167,-1241.77,-2051.79,-1186.34,+2104.77
2000-08-01 19:00:00 PDT,+2410.15,-51.8311,-1241.61,-2052.77,-1187.48,+2104.12
2000-08-01 19:01:00 PDT,+2410.35,-51.1782,-1242,-2051.47,-1186.23,+2104.87
2000-08-01 19:02:00 PDT,+2411.78,-50.7558,-1239.96,-2052.95,-1185.32,+2104.6
2000-08-01 19:03:00 PDT,+2411.21,-50.8109,-1240.49,-2052.95,-1186.64,+2104.39
2000-08-01 19:04:00 PDT,+2411.6,-49.9158,-1239.89,-2053.39,-1187.64,+2104.3
2000-08-01 19:05:00 PDT,+2411.47,-51.9353,-1239.16,-2055.35,-1187.57,+2103.22
2000-08-01 19:06:00 PDT,+2411.88,-51.0736,-1238.55,-2055.74,-1188.35,+2103.13
2000-08-01 19:07:00 PDT,+2411.87,-51.3518,-1238.38,-2056.11,-1188.28,+2102.97
2000-08-01 19:08:00 PDT,+2412.01,-51.4717,-1238.21,-2056.2,-1187.8,+2103.01
2000-08-01 19:09:00 PDT,+2411.49,-51.3324,-1238.78,-2056.04,-1189.26,+2102.88
2000-08-01 19:10:00 PDT,+2411.89,-51.9832,-1237.88,-2057.24,-1188.92,+2102.38
2000-08-01 19:11:00 PDT,+2410.76,-52.9502,-1239.24,-2056.72,-1189.55,+2102.25
2000-08-01 19:12:00 PDT,+2412.66,-53.3417,-1236.08,-2059.71,-1188.29,+2101.36
2000-08-01 19:13:00 PDT,+2411.96,-54.9189,-1236.43,-2060.46,-1188.6,+2100.72
2000-08-01 19:14:00 PDT,+2412.53,-53.357,-1236.22,-2059.57,-1188.33,+2101.41
2000-08-01 19:15:00 PDT,+2413.02,-54.008,-1235.27,-2060.75,-1187.89,+2100.9
2000-08-01 19:16:00 PDT,+2414.9,-52.0841,-1233.15,-2061.33,-1186.94,+2101.26
2000-08-01 19:17:00 PDT,+2414.14,-53.8313,-1233.15,-2063,-1188.48,+2100.13
2000-08-01 19:18:00 PDT,+2413.49,-56.8902,-1233.16,-2064.47,-1187.44,+2099.1
2000-08-01 19:19:00 PDT,+2413.9,-54.2202,-1234.13,-2061.37,-1186.23,+2100.88
2000-08-01 19:20:00 PDT,+2412.3,-54.2653,-1235.63,-2061.48,-1190.22,+2100.28
2000-08-01 19:21:00 PDT,+2412.28,-53.834,-1236.2,-2060.2,-1189.02,+2100.98
2000-08-01 19:22:00 PDT,+2411.49,-55.2209,-1236.71,-2060.79,-1189.67,+2100.4
2000-08-01 19:23:00 PDT,+2410.84,-56.1657,-1237.38,-2060.77,-1189.82,+2100.16
2000-08-01 19:24:00 PDT,+2412.07,-55.1842,-1236.36,-2060.26,-1187.31,+2100.93
2000-08-01 19:25:00 PDT,+2412.99,-52.2501,-1235.84,-2059.23,-1188.11,+2101.81
2000-08-01 19:26:00 PDT,+2412.27,-50.7855,-1237.77,-2056.52,-1188.65,+2102.95
2000-08-01 19:27:00 PDT,+2412.08,-52.4333,-1237.42,-2057.87,-1188.55,+2102.12
2000-08-01 19:28:00 PDT,+2411.3,-52.5675,-1238.17,-2057.8,-1190.15,+2101.88
2000-08-01 19:29:00 PDT,+2411.31,-53.8146,-1237.97,-2058.29,-1188.96,+2101.64
2000-08-01 19:30:00 PDT,+2411.99,-50.5818,-1238.38,-2055.81,-1188.71,+2103.22
2000-08-01 19:31:00 PDT,+2411.04,-48.2112,-1240.6,-2052.76,-1190.47,+2104.48
2000-08-01 19:32:00 PDT,+2410.79,-50.2684,-1240.08,-2054.57,-1190.46,+2103.44
2000-08-01 19:33:00 PDT,+2411.29,-47.9874,-1240.77,-2051.96,-1189.1,+2104.97
2000-08-01 19:34:00 PDT,+2409.12,-50.1475,-1242.86,-2051.99,-1191.43,+2104.15
2000-08-01 19:35:00 PDT,+2408.92,-50.4435,-1242.99,-2052.13,-1191.57,+2104.05
2000-08-01 19:36:00 PDT,+2409.33,-50.2975,-1242.86,-2051.67,-1190.12,+2104.41
2000-08-01 19:37:00 PDT,+2410.38,-50.6262,-1241.47,-2052.54,-1188.36,+2104.3
2000-08-01 19:38:00 PDT,+2409.61,-50.829,-1242.16,-2052.63,-1190.05,+2104
2000-08-01 19:39:00 PDT,+2410.03,-49.7068,-1241.95,-2052.05,-1189.69,+2104.48
2000-08-01 19:40:00 PDT,+2409.55,-49.1226,-1242.98,-2050.78,-1190.02,+2104.98
2000-08-01 19:41:00 PDT,+2409.44,-51.1083,-1242.29,-2052.77,-1190.02,+2103.92
2000-08-01 19:42:00 PDT,+2410.63,-52.1653,-1240.29,-2054.66,-1187.94,+2103.33
2000-08-01 19:43:00 PDT,+2413.22,-47.7001,-1238.78,-2052.4,-1185.37,+2105.42
2000-08-01 19:44:00 PDT,+2413.7,-48.2187,-1237.81,-2053.57,-1185.04,+2104.99
2000-08-01 19:45:00 PDT,+2411.45,-50.7801,-1239.8,-2054.07,-1187.32,+2103.92
2000-08-01 19:46:00 PDT,+2410.53,-52.1005,-1239.55,-2056.46,-1190.8,+2102.34
2000-08-01 19:47:00 PDT,+2410.85,-52.3492,-1238.97,-2057.13,-1190.59,+2102.09
2000-08-01 19:48:00 PDT,+2409.04,-55.8537,-1239.59,-2059.92,-1193.7,+2099.93
2000-08-01 19:49:00 PDT,+2408.04,-56.438,-1240.86,-2059.22,-1194.35,+2099.96
2000-08-01 19:50:00 PDT,+2409.25,-57.6743,-1238.59,-2061.72,-1192.91,+2099.03
2000-08-01 19:51:00 PDT,+2408.55,-59.2355,-1238.97,-2062.38,-1193.2,+2098.43
2000-08-01 19:52:00 PDT,+2408.23,-59.6788,-1239.19,-2062.48,-1193.39,+2098.3
2000-08-01 19:53:00 PDT,+2410.46,-60.9634,-1235.97,-2064.9,-1189.22,+2097.81
2000-08-01 19:54:00 PDT,+2411.71,-58.118,-1235.39,-2063.53,-1188.61,+2098.98
2000-08-01 19:55:00 PDT,+2412.59,-59.5009,-1233.39,-2066.14,-1187.89,+2097.9
2000-08-01 19:56:00 PDT,+2412.15,-59.35,-1234.1,-2065.4,-1188.1,+2098.16
2000-08-01 19:57:00 PDT,+2412.33,-58.6676,-1234.55,-2064.05,-1186.89,+2098.96
2000-08-01 19:58:00 PDT,+2412.29,-60.772,-1233.75,-2066.05,-1186.57,+2097.89
2000-08-01 19:59:00 PDT,+2412.17,-62.2411,-1233.62,-2066.56,-1185.32,+2097.58
2000-08-01 20:00:00 PDT,+2393.02,-72.7712,-1251.63,-2049.36,-1185.89,+2098.28
2000-08-01 20:01:00 PDT,+2392.35,-74.4777,-1251.89,-2050.31,-1186.05,+2097.56
2000-08-01 20:02:00 PDT,+2392.41,-73.0712,-1252.43,-2048.94,-1186.03,+2098.34
2000-08-01 20:03:00 PDT,+2391.36,-76.4215,-1252.56,-2051.34,-1186.4,+2096.8
2000-08-01 20:04:00 PDT,+2397.69,-72.839,-1246.82,-2055.46,-1183.74,+2097.07
2000-08-01 20:05:00 PDT,+2403.8,-69.1828,-1241.63,-2059.84,-1183.84,+2097.41
2000-08-01 20:06:00 PDT,+2408.72,-62.7208,-1237.9,-2061.66,-1186.01,+2098.74
2000-08-01 20:07:00 PDT,+2411.24,-60.8872,-1235.49,-2064.36,-1186.66,+2098.39
2000-08-01 20:08:00 PDT,+2411.2,-60.9157,-1235.55,-2064.3,-1186.61,+2098.41
2000-08-01 20:09:00 PDT,+2412.46,-57.8475,-1235.04,-2062.65,-1186.01,+2099.71
2000-08-01 20:10:00 PDT,+2412.88,-56.7016,-1234.87,-2062.05,-1185.75,+2100.16
2000-08-01 20:11:00 PDT,+2413.23,-54.9509,-1235.13,-2060.72,-1185.66,+2101.02
2000-08-01 20:12:00 PDT,+2413.85,-53.4624,-1234.89,-2059.97,-1185.51,+2101.66
2000-08-01 20:13:00 PDT,+2414.31,-53.4811,-1234.48,-2059.87,-1184.15,+2101.89
2000-08-01 20:14:00 PDT,+2413.45,-52.259,-1235.58,-2059.08,-1186.98,+2102.01
2000-08-01 20:15:00 PDT,+2412.38,-53.3178,-1236.85,-2058.65,-1187.51,+2101.85
2000-08-01 20:16:00 PDT,+2413.45,-50.6886,-1236.35,-2057.37,-1186.95,+2102.94
2000-08-01 20:17:00 PDT,+2413.33,-50.8254,-1236.46,-2057.3,-1186.86,+2102.92
2000-08-01 20:18:00 PDT,+2413.21,-49.4263,-1236.91,-2056.42,-1188.17,+2103.29
2000-08-01 20:19:00 PDT,+2413.78,-48.1138,-1236.65,-2055.77,-1187.9,+2103.83
2000-08-01 20:20:00 PDT,+2413.64,-48.3544,-1236.71,-2055.95,-1187.98,+2103.74
2000-08-01 20:21:00 PDT,+2413.99,-47.1008,-1236.66,-2055.09,-1187.77,+2104.35
2000-08-01 20:22:00 PDT,+2414.74,-45.4014,-1236.38,-2054.11,-1187.28,+2105.09
2000-08-01 20:23:00 PDT,+2415.08,-45.6593,-1235.45,-2055.2,-1186.89,+2104.75
2000-08-01 20:24:00 PDT,+2414.88,-44.4982,-1235.79,-2054.71,-1188.24,+2105.01
2000-08-01 20:25:00 PDT,+2415.72,-42.8493,-1235.37,-2053.97,-1187.75,+2105.67
2000-08-01 20:26:00 PDT,+2416.26,-43.4258,-1234.36,-2055.1,-1187.11,+2105.2
2000-08-01 20:27:00 PDT,+2418.46,-40.3604,-1232.61,-2054.4,-1185.95,+2106.24
2000-08-01 20:28:00 PDT,+2418.35,-38.8821,-1233.06,-2053.48,-1187.22,+2106.71
2000-08-01 20:29:00 PDT,+2418.08,-39.0502,-1233.3,-2053.45,-1187.47,+2106.71
2000-08-01 20:30:00 PDT,+2417.81,-40.2157,-1232.79,-2055.14,-1188.55,+2105.72
2000-08-01 20:31:00 PDT,+2419.34,-38.0682,-1232.25,-2053.14,-1185.25,+2107.34
2000-08-01 20:32:00 PDT,+2419.09,-38.4297,-1232.26,-2053.73,-1186.29,+2106.87
2000-08-01 20:33:00 PDT,+2418.52,-39.8114,-1232.61,-2054.11,-1186.21,+2106.37
2000-08-01 20:34:00 PDT,+2417.69,-40.1169,-1233.33,-2054.23,-1187.86,+2106.01
2000-08-01 20:35:00 PDT,+2418.23,-40.3803,-1232.77,-2054.5,-1186.44,+2106.12
2000-08-01 20:36:00 PDT,+2418.06,-40.468,-1232.94,-2054.44,-1186.63,+2106.12
2000-08-01 20:37:00 PDT,+2417.43,-42.0163,-1233.27,-2055.14,-1186.85,+2105.51
2000-08-01 20:38:00 PDT,+2417.7,-42.2791,-1232.78,-2055.7,-1186.64,+2105.29
2000-08-01 20:39:00 PDT,+2419.22,-39.7568,-1231.52,-2055.05,-1185.84,+2106.19
2000-08-01 20:40:00 PDT,+2418.98,-39.8793,-1231.74,-2054.98,-1186.04,+2106.19
2000-08-01 20:41:00 PDT,+2418.03,-40.5231,-1232.44,-2055.41,-1187.68,+2105.67
2000-08-01 20:42:00 PDT,+2417.3,-40.6847,-1233.1,-2055.5,-1189.34,+2105.39
2000-08-01 20:43:00 PDT,+2418.22,-37.3418,-1232.96,-2053.8,-1190.04,+2106.59
2000-08-01 20:44:00 PDT,+2419.01,-37.8236,-1231.72,-2055.03,-1189.25,+2106.13
2000-08-01 20:45:00 PDT,+2419.34,-38.6063,-1230.8,-2056.28,-1188.87,+2105.57
2000-08-01 20:46:00 PDT,+2418.8,-39.2678,-1230.83,-2057.2,-1190.4,+2104.92
2000-08-01 20:47:00 PDT,+2418.04,-40.8334,-1231.28,-2057.81,-1190.76,+2104.31
2000-08-01 20:48:00 PDT,+2418.07,-40.7499,-1231.3,-2057.7,-1190.73,+2104.38
2000-08-01 20:49:00 PDT,+2418.54,-41.3176,-1230.34,-2058.79,-1190.27,+2103.93
2000-08-01 20:50:00 PDT,+2417.84,-43.1626,-1230.6,-2059.8,-1190.39,+2103.16
2000-08-01 20:51:00 PDT,+2417.9,-43.1034,-1230.59,-2059.75,-1190.4,+2103.2
2000-08-01 20:52:00 PDT,+2418.02,-42.9528,-1230.59,-2059.63,-1190.45,+2103.3
2000-08-01 20:53:00 PDT,+2417.58,-42.6508,-1231.49,-2058.66,-1190.58,+2103.66
2000-08-01 20:54:00 PDT,+2417.45,-42.9725,-1231.54,-2058.81,-1190.41,+2103.52
2000-08-01 20:55:00 PDT,+2417.36,-43.1419,-1231.57,-2058.95,-1190.47,+2103.46
2000-08-01 20:56:00 PDT,+2417.38,-42.9176,-1231.67,-2058.75,-1190.67,+2103.61
2000-08-01 20:57:00 PDT,+2417.11,-43.1782,-1231.91,-2058.64,-1190.67,+2103.57
2000-08-01 20:58:00 PDT,+2416.41,-43.1966,-1232.65,-2058.42,-1192.18,+2103.41
2000-08-01 20:59:00 PDT,+2416.35,-43.3134,-1232.68,-2058.54,-1192.28,+2103.36
2000-08-01 21:00:00 PDT,+2416.24,-43.6739,-1232.65,-2058.85,-1192.25,+2103.18
2000-08-01 21:01:00 PDT,+2416.44,-43.5139,-1232.55,-2058.74,-1191.99,+2103.24
2000-08-01 21:02:00 PDT,+2416.41,-43.598,-1232.59,-2058.69,-1191.97,+2103.24
2000-08-01 21:03:00 PDT,+2416.73,-44.2751,-1231.72,-2059.9,-1191.76,+2102.73
2000-08-01 21:04:00 PDT,+2416.61,-44.3775,-1231.86,-2059.83,-1191.74,+2102.73
2000-08-01 21:05:00 PDT,+2416.88,-44.415,-1231.63,-2059.93,-1191.27,+2102.68
2000-08-01 21:06:00 PDT,+2416.69,-44.6881,-1231.76,-2059.96,-1191.27,+2102.59
2000-08-01 21:07:00 PDT,+2416.54,-44.3344,-1232.08,-2059.43,-1191.68,+2102.84
2000-08-01 21:08:00 PDT,+2416.67,-44.1951,-1232.03,-2059.38,-1191.59,+2102.9
2000-08-01 21:09:00 PDT,+2416.5,-44.6108,-1232.04,-2059.83,-1191.72,+2102.69
2000-08-01 21:10:00 PDT,+2416.56,-44.6793,-1231.97,-2059.89,-1191.52,+2102.66
2000-08-01 21:11:00 PDT,+2416.63,-44.6844,-1231.95,-2059.82,-1191.24,+2102.66
2000-08-01 21:12:00 PDT,+2416.6,-44.4433,-1232.09,-2059.48,-1191.34,+2102.82
2000-08-01 21:13:00 PDT,+2416.44,-44.4892,-1232.28,-2059.34,-1191.42,+2102.86
2000-08-01 21:14:00 PDT,+2416.91,-44.5462,-1231.84,-2059.36,-1190.07,+2103.11
2000-08-01 21:15:00 PDT,+2416.78,-44.6126,-1231.95,-2059.33,-1190.22,+2103.14
2000-08-01 21:16:00 PDT,+2417.5,-44.3698,-1231.37,-2059.07,-1188.54,+2103.51
2000-08-01 21:17:00 PDT,+2417.29,-43.6912,-1232.16,-2057.83,-1188.52,+2104.02
2000-08-01 21:18:00 PDT,+2417.05,-43.9193,-1232.33,-2057.84,-1188.64,+2103.95
2000-08-01 21:19:00 PDT,+2416.84,-43.8159,-1232.59,-2057.46,-1188.83,+2104.09
2000-08-01 21:20:00 PDT,+2417.05,-43.8162,-1232.38,-2057.62,-1188.55,+2104.06
2000-08-01 21:21:00 PDT,+2416.51,-44.005,-1232.8,-2058,-1190.02,+2103.69
2000-08-01 21:22:00 PDT,+2415.92,-43.9886,-1233.42,-2057.92,-1191.49,+2103.48
2000-08-01 21:23:00 PDT,+2416.38,-44.5522,-1232.46,-2059.15,-1191.17,+2103.02
2000-08-01 21:24:00 PDT,+2416.37,-44.4723,-1232.49,-2059.04,-1191.19,+2103.07
2000-08-01 21:25:00 PDT,+2416.27,-44.341,-1232.68,-2058.68,-1191.24,+2103.2
2000-08-01 21:26:00 PDT,+2416.27,-44.1073,-1232.79,-2058.31,-1191.26,+2103.37
2000-08-01 21:27:00 PDT,+2415.76,-43.8689,-1233.67,-2057.5,-1191.53,+2103.65
2000-08-01 21:28:00 PDT,+2415.85,-43.9688,-1233.56,-2057.68,-1191.44,+2103.56
2000-08-01 21:29:00 PDT,+2415.95,-43.9472,-1233.48,-2057.64,-1191.28,+2103.57
2000-08-01 21:30:00 PDT,+2415.91,-44.0274,-1233.47,-2057.83,-1191.43,+2103.5
2000-08-01 21:31:00 PDT,+2416.34,-44.5214,-1232.55,-2059.01,-1191.29,+2103.06
2000-08-01 21:32:00 PDT,+2416.24,-44.652,-1232.62,-2059,-1191.3,+2103.03
2000-08-01 21:33:00 PDT,+2416.89,-43.0271,-1232.36,-2058.16,-1191.06,+2103.72
2000-08-01 21:34:00 PDT,+2416.99,-43.1303,-1232.22,-2058.31,-1190.81,+2103.64
2000-08-01 21:35:00 PDT,+2416.9,-41.251,-1233.08,-2056.4,-1190.99,+2104.68
2000-08-01 21:36:00 PDT,+2417.09,-41.0903,-1232.95,-2056.43,-1190.9,+2104.71
2000-08-01 21:37:00 PDT,+2416.89,-41.4629,-1233,-2056.6,-1190.81,+2104.57
2000-08-01 21:38:00 PDT,+2416.71,-41.5884,-1233.14,-2056.54,-1190.9,+2104.55
2000-08-01 21:39:00 PDT,+2417.52,-41.8881,-1231.9,-2057.73,-1190.35,+2104.13
2000-08-01 21:40:00 PDT,+2417.56,-41.8347,-1231.89,-2057.64,-1190.23,+2104.16
2000-08-01 21:41:00 PDT,+2417.61,-41.5532,-1231.93,-2057.46,-1190.42,+2104.29
2000-08-01 21:42:00 PDT,+2418.86,-41.2883,-1230.84,-2057.24,-1187.48,+2104.87
2000-08-01 21:43:00 PDT,+2418.69,-41.653,-1230.85,-2057.56,-1187.51,+2104.67
2000-08-01 21:44:00 PDT,+2418.74,-41.4003,-1230.91,-2057.34,-1187.65,+2104.79
2000-08-01 21:45:00 PDT,+2418.86,-41.0948,-1230.9,-2057.07,-1187.62,+2104.95
2000-08-01 21:46:00 PDT,+2418.42,-41.6199,-1231.13,-2057.28,-1187.81,+2104.75
2000-08-01 21:47:00 PDT,+2418.47,-41.5975,-1231.1,-2057.23,-1187.7,+2104.76
2000-08-01 21:48:00 PDT,+2418.84,-41.3456,-1230.79,-2057.44,-1187.65,+2104.77
2000-08-01 21:49:00 PDT,+2417.78,-40.9231,-1232.29,-2056.48,-1189.48,+2104.93
2000-08-01 21:50:00 PDT,+2417.96,-40.6117,-1232.23,-2056.22,-1189.34,+2105.07
2000-08-01 21:51:00 PDT,+2417.23,-40.7813,-1232.85,-2056.36,-1191,+2104.76
2000-08-01 21:52:00 PDT,+2417.04,-40.9025,-1232.93,-2056.49,-1191.21,+2104.7
2000-08-01 21:53:00 PDT,+2416.7,-41.192,-1233.14,-2056.49,-1191.4,+2104.61
2000-08-01 21:54:00 PDT,+2416.84,-41.1395,-1233.01,-2056.57,-1191.3,+2104.59
2000-08-01 21:55:00 PDT,+2417,-41.0517,-1232.9,-2056.55,-1191.1,+2104.6
2000-08-01 21:56:00 PDT,+2417.46,-41.6218,-1231.86,-2057.83,-1190.9,+2104.09
2000-08-01 21:57:00 PDT,+2416.95,-43.0033,-1232.02,-2058.77,-1191.44,+2103.48
2000-08-01 21:58:00 PDT,+2417.22,-42.6476,-1231.84,-2058.68,-1191.39,+2103.6
2000-08-01 21:59:00 PDT,+2417.05,-42.6573,-1232.01,-2058.45,-1191.43,+2103.65
2000-08-01 22:00:00 PDT,+2416.92,-43.0147,-1231.87,-2058.89,-1191.65,+2103.39
2000-08-01 22:01:00 PDT,+2417.56,-41.5465,-1231.54,-2058.2,-1191.31,+2103.97
2000-08-01 22:02:00 PDT,+2417.71,-41.4466,-1231.43,-2058.13,-1190.98,+2103.96
2000-08-01 22:03:00 PDT,+2417.69,-41.5064,-1231.38,-2058.32,-1191.15,+2103.88
2000-08-01 22:04:00 PDT,+2417.63,-41.4855,-1231.37,-2058.51,-1191.57,+2103.86
2000-08-01 22:05:00 PDT,+2417.85,-41.0296,-1231.33,-2058.13,-1191.48,+2104.07
2000-08-01 22:06:00 PDT,+2417.95,-40.8218,-1231.28,-2058,-1191.47,+2104.13
2000-08-01 22:07:00 PDT,+2417.88,-41.0907,-1231.2,-2058.37,-1191.54,+2103.94
2000-08-01 22:08:00 PDT,+2417.9,-40.9861,-1231.19,-2058.25,-1191.53,+2103.97
2000-08-01 22:09:00 PDT,+2417.89,-41.0096,-1231.12,-2058.47,-1191.73,+2103.92
2000-08-01 22:10:00 PDT,+2417.91,-41.0092,-1231.07,-2058.59,-1191.87,+2103.89
2000-08-01 22:11:00 PDT,+2418.01,-40.9235,-1230.98,-2058.53,-1191.71,+2103.9
2000-08-01 22:12:00 PDT,+2418.04,-40.9228,-1230.88,-2058.72,-1191.76,+2103.84
2000-08-01 22:13:00 PDT,+2418.09,-40.6316,-1230.91,-2058.48,-1191.94,+2103.98
2000-08-01 22:14:00 PDT,+2417.84,-39.8585,-1231.74,-2057.23,-1192.17,+2104.48
2000-08-01 22:15:00 PDT,+2417.89,-39.9165,-1231.65,-2057.31,-1191.93,+2104.4
2000-08-01 22:16:00 PDT,+2417.29,-40.7971,-1232.11,-2057.47,-1192.56,+2104.12
2000-08-01 22:17:00 PDT,+2417.33,-40.8178,-1232,-2057.56,-1192.5,+2104.07
2000-08-01 22:18:00 PDT,+2417.24,-41.0711,-1231.96,-2057.81,-1192.47,+2103.93
2000-08-01 22:19:00 PDT,+2417.69,-41.6822,-1230.94,-2059.14,-1192.17,+2103.41
2000-08-01 22:20:00 PDT,+2417.44,-43.0019,-1230.84,-2060.27,-1192.38,+2102.74
2000-08-01 22:21:00 PDT,+2418.01,-40.9705,-1230.89,-2058.99,-1192.38,+2103.61
2000-08-01 22:22:00 PDT,+2417.77,-40.6678,-1231.36,-2058.38,-1192.54,+2103.83
2000-08-01 22:23:00 PDT,+2417.08,-40.328,-1232.41,-2057.35,-1193.13,+2104.19
2000-08-01 22:24:00 PDT,+2417.37,-38.9704,-1232.36,-2056.52,-1193.04,+2104.78
2000-08-01 22:25:00 PDT,+2417.68,-38.7439,-1232.12,-2056.59,-1192.9,+2104.82
2000-08-01 22:26:00 PDT,+2418.39,-39.137,-1230.85,-2058.04,-1192.72,+2104.32
2000-08-01 22:27:00 PDT,+2418.24,-38.5454,-1231.33,-2057.3,-1193.02,+2104.68
2000-08-01 22:28:00 PDT,+2418.33,-39.6205,-1230.43,-2058.92,-1192.97,+2103.93
2000-08-01 22:29:00 PDT,+2418.4,-39.6847,-1230.26,-2059.15,-1193.02,+2103.84
2000-08-01 22:30:00 PDT,+2418.45,-39.6198,-1230.15,-2059.27,-1192.98,+2103.79
2000-08-01 22:31:00 PDT,+2418.27,-39.6264,-1230.29,-2059.09,-1193.15,+2103.8
2000-08-01 22:32:00 PDT,+2418.95,-38.725,-1229.91,-2058.67,-1192.74,+2104.13
2000-08-01 22:33:00 PDT,+2418.98,-38.7852,-1229.81,-2058.86,-1192.81,+2104.04
2000-08-01 22:34:00 PDT,+2418.9,-37.9606,-1230.3,-2057.93,-1193.2,+2104.52
2000-08-01 22:35:00 PDT,+2419.44,-37.8528,-1229.54,-2058.36,-1192.62,+2104.37
2000-08-01 22:36:00 PDT,+2420,-37.8915,-1228.94,-2058.49,-1191.2,+2104.58
2000-08-01 22:37:00 PDT,+2420.59,-37.9606,-1228.23,-2058.98,-1190.14,+2104.65
2000-08-01 22:38:00 PDT,+2420.86,-37.3647,-1228.14,-2058.45,-1189.81,+2104.93
2000-08-01 22:39:00 PDT,+2420.63,-36.406,-1228.92,-2057.21,-1190.2,+2105.49
2000-08-01 22:40:00 PDT,+2420.29,-36.6802,-1228.93,-2057.92,-1191.7,+2104.99
2000-08-01 22:41:00 PDT,+2419.75,-36.2005,-1229.84,-2056.9,-1192.11,+2105.38
2000-08-01 22:42:00 PDT,+2418.57,-37.6744,-1230.62,-2057.74,-1193.89,+2104.54
2000-08-01 22:43:00 PDT,+2418.39,-37.7777,-1230.74,-2057.8,-1194.18,+2104.47
2000-08-01 22:44:00 PDT,+2419.56,-37.9265,-1229.21,-2058.72,-1192.46,+2104.37
2000-08-01 22:45:00 PDT,+2420.21,-38.1932,-1228.13,-2059.8,-1192.07,+2104
2000-08-01 22:46:00 PDT,+2420.33,-38.4146,-1227.83,-2060.27,-1191.98,+2103.82
2000-08-01 22:47:00 PDT,+2421.34,-36.9444,-1227.1,-2059.93,-1191.3,+2104.3
2000-08-01 22:48:00 PDT,+2420.76,-36.782,-1227.71,-2059.7,-1192.79,+2104.13
2000-08-01 22:49:00 PDT,+2419.78,-38.5341,-1228.2,-2060.55,-1193.53,+2103.43
2000-08-01 22:50:00 PDT,+2419.95,-38.598,-1227.93,-2060.92,-1193.41,+2103.27
2000-08-01 22:51:00 PDT,+2419.41,-39.3689,-1228.36,-2060.92,-1193.79,+2103.03
2000-08-01 22:52:00 PDT,+2419.37,-38.7559,-1228.5,-2060.52,-1194.3,+2103.32
2000-08-01 22:53:00 PDT,+2419.54,-39.1263,-1228.13,-2061.16,-1193.98,+2102.98
2000-08-01 22:54:00 PDT,+2419.41,-38.6833,-1228.54,-2060.52,-1194.19,+2103.25
2000-08-01 22:55:00 PDT,+2420.03,-38.3752,-1228,-2060.42,-1193.1,+2103.6
2000-08-01 22:56:00 PDT,+2420.07,-38.1784,-1227.95,-2060.32,-1193.23,+2103.65
2000-08-01 22:57:00 PDT,+2420.56,-37.0402,-1227.46,-2060.3,-1193.16,+2103.98
2000-08-01 22:58:00 PDT,+2421.07,-35.6079,-1227.15,-2059.64,-1193.04,+2104.52
2000-08-01 22:59:00 PDT,+2420.85,-35.1384,-1227.7,-2058.74,-1193.08,+2104.87
2000-08-01 23:00:00 PDT,+2420.33,-35.3474,-1227.87,-2059.45,-1194.9,+2104.34
2000-08-01 23:01:00 PDT,+2421.56,-34.7046,-1226.91,-2059.18,-1192.87,+2104.79
2000-08-01 23:02:00 PDT,+2421.23,-33.7031,-1227.82,-2057.85,-1193.31,+2105.39
2000-08-01 23:03:00 PDT,+2421.12,-35.8573,-1226.92,-2060.31,-1193.55,+2104.14
2000-08-01 23:04:00 PDT,+2421.39,-35.9587,-1226.53,-2060.62,-1193.1,+2103.97
2000-08-01 23:05:00 PDT,+2420.87,-35.6243,-1227.09,-2060.53,-1194.89,+2103.82
2000-08-01 23:06:00 PDT,+2420.92,-34.99,-1227.19,-2060.09,-1195.35,+2104.11
2000-08-01 23:07:00 PDT,+2420.95,-34.9481,-1227.09,-2060.14,-1195.38,+2104.1
2000-08-01 23:08:00 PDT,+2421.12,-34.9454,-1226.81,-2060.52,-1195.47,+2103.98
2000-08-01 23:09:00 PDT,+2422.2,-34.0504,-1225.48,-2061.09,-1195,+2104.07
2000-08-01 23:10:00 PDT,+2422.27,-33.2567,-1226.03,-2059.54,-1193.9,+2104.89
2000-08-01 23:11:00 PDT,+2421.84,-32.6246,-1226.95,-2058.19,-1194.1,+2105.39
2000-08-01 23:12:00 PDT,+2422.43,-32.6578,-1226.27,-2058.46,-1192.76,+2105.53
2000-08-01 23:13:00 PDT,+2422.14,-34.3421,-1226.09,-2059.85,-1192.89,+2104.66
2000-08-01 23:14:00 PDT,+2422.33,-34.3247,-1225.79,-2060.11,-1192.87,+2104.53
2000-08-01 23:15:00 PDT,+2422.49,-34.8639,-1225.06,-2061.29,-1193.15,+2104.05
2000-08-01 23:16:00 PDT,+2421.38,-36.0657,-1225.26,-2063.05,-1196.14,+2102.77
2000-08-01 23:17:00 PDT,+2421.98,-33.5684,-1225.62,-2061.06,-1195.74,+2103.94
2000-08-01 23:18:00 PDT,+2422.58,-32.8722,-1225.28,-2060.66,-1195.23,+2104.21
2000-08-01 23:19:00 PDT,+2422.21,-33.0966,-1225.5,-2060.86,-1195.78,+2104.13
2000-08-01 23:20:00 PDT,+2421.96,-32.8325,-1225.79,-2060.35,-1196.13,+2104.3
2000-08-01 23:21:00 PDT,+2422.11,-32.3607,-1225.72,-2060.17,-1196.37,+2104.43
2000-08-01 23:22:00 PDT,+2423.41,-33.1304,-1223.66,-2062.12,-1194.54,+2103.94
2000-08-01 23:23:00 PDT,+2423.26,-33.0497,-1223.79,-2061.98,-1194.86,+2103.95
2000-08-01 23:24:00 PDT,+2423.43,-32.9757,-1223.64,-2061.94,-1194.44,+2103.95
2000-08-01 23:25:00 PDT,+2423.52,-32.9198,-1223.49,-2062.15,-1194.6,+2103.92
2000-08-01 23:26:00 PDT,+2422.49,-32.8366,-1224.78,-2061.26,-1195.62,+2104.17
2000-08-01 23:27:00 PDT,+2423.25,-32.5615,-1224.1,-2061.16,-1193.98,+2104.49
2000-08-01 23:28:00 PDT,+2423.72,-31.9177,-1223.75,-2061.05,-1193.93,+2104.69
2000-08-01 23:29:00 PDT,+2423.28,-31.6707,-1224.18,-2061.1,-1195.66,+2104.47
2000-08-01 23:30:00 PDT,+2424.96,-32.0473,-1221.96,-2062.64,-1193,+2104.13
2000-08-01 23:31:00 PDT,+2424.69,-33.3016,-1221.93,-2063.49,-1193.05,+2103.51
2000-08-01 23:32:00 PDT,+2424.03,-32.7321,-1222.67,-2063.01,-1195.03,+2103.56
2000-08-01 23:33:00 PDT,+2424.06,-32.4024,-1222.7,-2062.82,-1195.36,+2103.68
2000-08-01 23:34:00 PDT,+2422.59,-32.2814,-1224.44,-2061.92,-1197.45,+2103.69
2000-08-01 23:35:00 PDT,+2423.02,-31.1729,-1224.06,-2061.77,-1197.38,+2104.03
2000-08-01 23:36:00 PDT,+2423.21,-30.7213,-1224.02,-2061.35,-1197.3,+2104.26
2000-08-01 23:37:00 PDT,+2423.36,-30.6085,-1223.86,-2061.38,-1197.13,+2104.23
2000-08-01 23:38:00 PDT,+2423.76,-29.547,-1224.08,-2060.11,-1195.95,+2105.09
2000-08-01 23:39:00 PDT,+2423.33,-30.5915,-1224.23,-2060.77,-1196.4,+2104.6
2000-08-01 23:40:00 PDT,+2423.32,-30.7186,-1224.09,-2061.12,-1196.66,+2104.49
2000-08-01 23:41:00 PDT,+2424.53,-29.9887,-1223.14,-2060.7,-1194.53,+2105.02
2000-08-01 23:42:00 PDT,+2426.82,-30.3363,-1220.42,-2062.14,-1190.43,+2104.95
2000-08-01 23:43:00 PDT,+2411.83,-30.9647,-1219.75,-2063.27,-1190.69,+2104.48
2000-08-01 23:44:00 PDT,+2413.07,-28.9074,-1219.02,-2061.98,-1189.13,+2105.64
2000-08-01 23:45:00 PDT,+2412.96,-29.1834,-1219,-2062.22,-1189.1,+2105.49
2000-08-01 23:46:00 PDT,+2411.42,-31.2747,-1219.85,-2063.45,-1191.13,+2104.38
2000-08-01 23:47:00 PDT,+2409.85,-31.4485,-1221.28,-2063.38,-1194.64,+2103.86
2000-08-01 23:48:00 PDT,+2408.41,-31.9928,-1223.05,-2062.7,-1196.65,+2103.62
2000-08-01 23:49:00 PDT,+2409.29,-31.869,-1222.2,-2062.88,-1194.96,+2103.84
2000-08-01 23:50:00 PDT,+2407.54,-34.8547,-1223.21,-2064.65,-1197.29,+2102.26
2000-08-01 23:51:00 PDT,+2407.66,-34.9819,-1223,-2064.91,-1196.93,+2102.11
2000-08-01 23:52:00 PDT,+2408.9,-35.5011,-1221.14,-2066.42,-1195,+2101.77
2000-08-01 23:53:00 PDT,+2410.36,-31.8924,-1220.49,-2064.66,-1194.61,+2103.23
2000-08-01 23:54:00 PDT,+2410.47,-31.4977,-1220.52,-2064.17,-1194.51,+2103.45
2000-08-01 23:55:00 PDT,+2410.56,-31.6298,-1220.35,-2064.45,-1194.34,+2103.31
2000-08-01 23:56:00 PDT,+2411.66,-28.29,-1220.22,-2062.12,-1193.04,+2105.14
2000-08-01 23:57:00 PDT,+2411.64,-27.9359,-1220.31,-2061.72,-1193.19,+2105.33
2000-08-01 23:58:00 PDT,+2410.88,-29.3526,-1220.65,-2062.56,-1193.99,+2104.72
2000-08-01 23:59:00 PDT,+2410.1,-29.4763,-1221.32,-2062.67,-1195.75,+2104.4
2000-08-02 00:00:00 PDT,+2410,-28.6385,-1221.68,-2062.25,-1197.03,+2104.39
2000-08-02 00:01:00 PDT,+2408.05,-30.6657,-1223.6,-2062.35,-1199.23,+2103.54
2000-08-02 00:02:00 PDT,+2407.91,-30.4719,-1223.75,-2062.12,-1199.43,+2103.64
2000-08-02 00:03:00 PDT,+2408.24,-31.3883,-1222.72,-2063.73,-1199.21,+2102.95
2000-08-02 00:04:00 PDT,+2408.98,-29.4255,-1222.58,-2062.68,-1199.01,+2103.77
2000-08-02 00:05:00 PDT,+2409.57,-29.5993,-1221.63,-2063.4,-1198.46,+2103.48
2000-08-02 00:06:00 PDT,+2408.92,-28.9883,-1222.74,-2062.28,-1199.26,+2103.97
2000-08-02 00:07:00 PDT,+2409.5,-28.1378,-1221.95,-2062.71,-1199.35,+2104.13
2000-08-02 00:08:00 PDT,+2409.75,-28.4534,-1221.41,-2063.14,-1198.98,+2103.88
2000-08-02 00:09:00 PDT,+2409.81,-28.1734,-1221.43,-2062.88,-1199.07,+2104.02
2000-08-02 00:10:00 PDT,+2410.37,-28.9624,-1220.18,-2064.66,-1198.81,+2103.31
2000-08-02 00:11:00 PDT,+2410.4,-29.4586,-1219.89,-2065.39,-1198.71,+2102.97
2000-08-02 00:12:00 PDT,+2410.32,-29.84,-1219.76,-2065.84,-1198.63,+2102.72
2000-08-02 00:13:00 PDT,+2411.04,-27.8632,-1219.51,-2064.64,-1198.46,+2103.58
2000-08-02 00:14:00 PDT,+2411.24,-27.9285,-1219.22,-2064.92,-1198.28,+2103.44
2000-08-02 00:15:00 PDT,+2410.63,-27.2504,-1220.36,-2063.6,-1198.92,+2103.96
2000-08-02 00:16:00 PDT,+2409.92,-26.731,-1221.55,-2062.32,-1199.57,+2104.43
2000-08-02 00:17:00 PDT,+2410.2,-26.6023,-1221.28,-2062.48,-1199.36,+2104.4
2000-08-02 00:18:00 PDT,+2410.38,-26.1192,-1221.24,-2062.19,-1199.5,+2104.63
2000-08-02 00:19:00 PDT,+2410.58,-25.5259,-1221.29,-2061.56,-1199.38,+2104.95
2000-08-02 00:20:00 PDT,+2410.44,-27.693,-1220.56,-2063.38,-1199,+2103.79
2000-08-02 00:21:00 PDT,+2410.6,-27.7895,-1220.31,-2063.8,-1198.92,+2103.61
2000-08-02 00:22:00 PDT,+2410.52,-27.642,-1220.37,-2063.67,-1199.22,+2103.68
2000-08-02 00:23:00 PDT,+2410.92,-28.2283,-1219.35,-2065.05,-1199.24,+2103.14
2000-08-02 00:24:00 PDT,+2411.17,-26.0856,-1219.98,-2063.15,-1199.06,+2104.23
2000-08-02 00:25:00 PDT,+2410.82,-26.5236,-1220.12,-2063.35,-1199.23,+2104.05
2000-08-02 00:26:00 PDT,+2411.99,-25.8048,-1219.51,-2062.57,-1196.32,+2104.95
2000-08-02 00:27:00 PDT,+2412.15,-25.3416,-1219.49,-2062.32,-1196.48,+2105.15
2000-08-02 00:28:00 PDT,+2410.98,-24.3293,-1221.59,-2059.98,-1197.4,+2106.06
2000-08-02 00:29:00 PDT,+2410.86,-24.1759,-1221.76,-2059.52,-1197.33,+2106.19
2000-08-02 00:30:00 PDT,+2411.93,-24.8031,-1220.12,-2060.79,-1195.33,+2105.89
2000-08-02 00:31:00 PDT,+2411.72,-25.6733,-1219.53,-2062.78,-1197.18,+2104.91
2000-08-02 00:32:00 PDT,+2412.08,-27.129,-1218.52,-2064.38,-1196.67,+2104.03
2000-08-02 00:33:00 PDT,+2412.3,-28.4626,-1218.01,-2065.26,-1195.37,+2103.64
2000-08-02 00:34:00 PDT,+2411.16,-29.0515,-1218.83,-2065.72,-1197.46,+2103.11
2000-08-02 00:35:00 PDT,+2411.32,-29.0261,-1218.33,-2066.48,-1198.5,+2102.65
2000-08-02 00:36:00 PDT,+2411.33,-28.1939,-1218.94,-2065.4,-1198.43,+2103.16
2000-08-02 00:37:00 PDT,+2411.67,-27.7063,-1218.74,-2065.25,-1198.38,+2103.31
2000-08-02 00:38:00 PDT,+2410.82,-27.4355,-1219.58,-2064.88,-1200.28,+2103.27
2000-08-02 00:39:00 PDT,+2410.58,-27.3283,-1219.84,-2064.4,-1200.28,+2103.39
2000-08-02 00:40:00 PDT,+2410.59,-27.1135,-1219.89,-2064.18,-1200.45,+2103.51
2000-08-02 00:41:00 PDT,+2410.53,-28.3341,-1219.68,-2065.14,-1200.26,+2102.9
2000-08-02 00:42:00 PDT,+2411.04,-28.8668,-1218.62,-2066.38,-1199.96,+2102.41
2000-08-02 00:43:00 PDT,+2411.38,-26.7522,-1218.61,-2065.17,-1200.1,+2103.34
2000-08-02 00:44:00 PDT,+2411.37,-27.0651,-1218.44,-2065.73,-1200.19,+2103.1
2000-08-02 00:45:00 PDT,+2411.27,-26.2378,-1219.16,-2064.63,-1200.26,+2103.62
2000-08-02 00:46:00 PDT,+2411.15,-27.2151,-1219.04,-2065.24,-1199.96,+2103.16
2000-08-02 00:47:00 PDT,+2411.46,-26.2932,-1219.39,-2063.87,-1198.87,+2104.03
2000-08-02 00:48:00 PDT,+2410.95,-27.5688,-1219.64,-2064.55,-1199.33,+2103.5
2000-08-02 00:49:00 PDT,+2410.81,-27.5087,-1219.78,-2064.36,-1199.46,+2103.56
2000-08-02 00:50:00 PDT,+2410.64,-27.4102,-1219.99,-2064.03,-1199.63,+2103.65
2000-08-02 00:51:00 PDT,+2410.15,-26.7545,-1221.02,-2062.78,-1200,+2104.17
2000-08-02 00:52:00 PDT,+2410.17,-26.965,-1220.56,-2063.59,-1201.01,+2103.63
2000-08-02 00:53:00 PDT,+2411.68,-24.7072,-1219.5,-2062.53,-1198.88,+2104.75
2000-08-02 00:54:00 PDT,+2411.8,-24.6837,-1219.33,-2062.82,-1199.04,+2104.7
2000-08-02 00:55:00 PDT,+2412.58,-23.6175,-1218.68,-2062.84,-1198.47,+2104.98
2000-08-02 00:56:00 PDT,+2412.98,-23.3727,-1218.36,-2062.82,-1197.98,+2105.02
2000-08-02 00:57:00 PDT,+2413.04,-25.2337,-1217.53,-2064.58,-1197.74,+2104
2000-08-02 00:58:00 PDT,+2412.58,-25.4859,-1217.84,-2064.64,-1198.32,+2103.93
2000-08-02 00:59:00 PDT,+2412.59,-26.3827,-1217.17,-2065.8,-1198.27,+2103.37
2000-08-02 01:00:00 PDT,+2411.25,-27.6041,-1218.13,-2066.32,-1200.61,+2102.64
2000-08-02 01:01:00 PDT,+2411.57,-27.5903,-1217.82,-2066.48,-1200.1,+2102.57
2000-08-02 01:02:00 PDT,+2411.85,-27.4859,-1217.53,-2066.85,-1200.08,+2102.5
2000-08-02 01:03:00 PDT,+2412.22,-26.0436,-1217.42,-2066.06,-1200.09,+2103.12
2000-08-02 01:04:00 PDT,+2412.64,-24.4845,-1217.32,-2065.15,-1200.15,+2103.81
2000-08-02 01:05:00 PDT,+2413.28,-24.1096,-1216.81,-2065.27,-1199.53,+2103.85
2000-08-02 01:06:00 PDT,+2412.67,-26.1149,-1216.89,-2066.67,-1199.73,+2102.91
2000-08-02 01:07:00 PDT,+2412.42,-25.8811,-1217.18,-2066.39,-1200.38,+2103.09
2000-08-02 01:08:00 PDT,+2411.57,-25.69,-1218.38,-2065.36,-1201.05,+2103.42
2000-08-02 01:09:00 PDT,+2410.66,-27.4331,-1218.87,-2066.01,-1201.36,+2102.74
2000-08-02 01:10:00 PDT,+2410.45,-28.0692,-1219.12,-2065.99,-1201.53,+2102.55
2000-08-02 01:11:00 PDT,+2411.55,-26.7787,-1218.21,-2065.58,-1199.89,+2103.28
2000-08-02 01:12:00 PDT,+2411.52,-26.3838,-1218.66,-2064.99,-1199.65,+2103.52
2000-08-02 01:13:00 PDT,+2412.5,-26.3746,-1217.71,-2065.21,-1197.59,+2103.67
2000-08-02 01:14:00 PDT,+2412.39,-26.3832,-1217.8,-2065.07,-1197.64,+2103.69
2000-08-02 01:15:00 PDT,+2413.13,-26.2622,-1216.79,-2065.79,-1197.46,+2103.53
2000-08-02 01:16:00 PDT,+2412.11,-26.4057,-1217.74,-2065.59,-1199.45,+2103.31
2000-08-02 01:17:00 PDT,+2411.74,-26.7571,-1217.94,-2065.72,-1199.74,+2103.18
2000-08-02 01:18:00 PDT,+2411.89,-26.049,-1218.46,-2064.32,-1198.43,+2103.97
2000-08-02 01:19:00 PDT,+2412.05,-23.8109,-1218.91,-2062.71,-1199.65,+2104.77
2000-08-02 01:20:00 PDT,+2411.86,-24.9472,-1218.93,-2063.42,-1199.78,+2104.25
2000-08-02 01:21:00 PDT,+2412.17,-25.2124,-1218.53,-2063.84,-1199.03,+2104
2000-08-02 01:22:00 PDT,+2411.8,-27.128,-1218.31,-2065.13,-1198.46,+2103.38
2000-08-02 01:23:00 PDT,+2411.74,-27.0056,-1218.34,-2065.31,-1199.08,+2103.41
2000-08-02 01:24:00 PDT,+2412.47,-25.5255,-1217.91,-2064.67,-1198.47,+2103.97
2000-08-02 01:25:00 PDT,+2412.25,-25.1613,-1218.42,-2063.99,-1198.64,+2104.25
2000-08-02 01:26:00 PDT,+2411.78,-24.0729,-1218.97,-2063.45,-1200.31,+2104.49
2000-08-02 01:27:00 PDT,+2411.92,-24.8449,-1218.2,-2064.63,-1200.3,+2103.96
2000-08-02 01:28:00 PDT,+2413.36,-22.8305,-1217.33,-2063.4,-1198.35,+2105.08
2000-08-02 01:29:00 PDT,+2413.72,-22.9129,-1216.94,-2063.65,-1197.65,+2104.95
2000-08-02 01:30:00 PDT,+2412.86,-23.2158,-1218.41,-2062.7,-1198.27,+2105.11
2000-08-02 01:31:00 PDT,+2414.53,-23.4617,-1216.48,-2063.69,-1195.11,+2105.24
2000-08-02 01:32:00 PDT,+2413.87,-24.7855,-1217.23,-2063.55,-1194.24,+2105.03
2000-08-02 01:33:00 PDT,+2412.78,-24.7929,-1218.27,-2063.25,-1196.49,+2104.91
2000-08-02 01:34:00 PDT,+2411.04,-27.4092,-1219.55,-2064.15,-1198.58,+2103.68
2000-08-02 01:35:00 PDT,+2411.39,-28.0029,-1218.66,-2065.04,-1198.04,+2103.27
2000-08-02 01:36:00 PDT,+2412.83,-28.3844,-1216.75,-2066.39,-1195.9,+2103.06
2000-08-02 01:37:00 PDT,+2413.58,-27.7275,-1216.3,-2065.67,-1194.42,+2103.63
2000-08-02 01:38:00 PDT,+2412.63,-27.8618,-1217.26,-2065.77,-1196.39,+2103.37
2000-08-02 01:39:00 PDT,+2413.84,-26.6004,-1216.21,-2065.58,-1194.65,+2104.02
2000-08-02 01:40:00 PDT,+2413.91,-25.0492,-1216.66,-2064.16,-1194.53,+2104.81
2000-08-02 01:41:00 PDT,+2414.06,-23.4511,-1216.79,-2063.57,-1195.7,+2105.21
2000-08-02 01:42:00 PDT,+2414.87,-22.4481,-1216.55,-2062.6,-1194.26,+2105.99
2000-08-02 01:43:00 PDT,+2413.86,-21.9848,-1218.08,-2060.89,-1194.93,+2106.57
2000-08-02 01:44:00 PDT,+2413.97,-21.1045,-1218.83,-2059.15,-1193.44,+2107.48
2000-08-02 01:45:00 PDT,+2412.31,-19.1446,-1221.86,-2055.97,-1196.64,+2108.45
2000-08-02 01:46:00 PDT,+2412.39,-19.5066,-1221.4,-2056.7,-1196.9,+2108.19
2000-08-02 01:47:00 PDT,+2412.4,-20.0628,-1220.2,-2059.34,-1199.19,+2106.87
2000-08-02 01:48:00 PDT,+2412.18,-20.5855,-1220.19,-2059.88,-1199.34,+2106.58
2000-08-02 01:49:00 PDT,+2411.03,-23.0634,-1221.11,-2060.66,-1199.77,+2105.66
2000-08-02 01:50:00 PDT,+2410.16,-25.8936,-1221.23,-2062.25,-1200.21,+2104.43
2000-08-02 01:51:00 PDT,+2409.96,-29.5258,-1220.09,-2065.41,-1199.97,+2102.55
2000-08-02 01:52:00 PDT,+2410.19,-29.5641,-1219.67,-2065.69,-1199.85,+2102.45
2000-08-02 01:53:00 PDT,+2409.57,-31.3096,-1219.72,-2066.72,-1200.28,+2101.69
2000-08-02 01:54:00 PDT,+2409.72,-29.6844,-1220.25,-2065.44,-1200.17,+2102.49
2000-08-02 01:55:00 PDT,+2410.24,-30.173,-1219.21,-2066.72,-1199.98,+2102.03
2000-08-02 01:56:00 PDT,+2409.23,-34.1627,-1218.78,-2069.97,-1200.77,+2100.08
2000-08-02 01:57:00 PDT,+2407.9,-36.2703,-1220.06,-2070.34,-1201.54,+2099.39
2000-08-02 01:58:00 PDT,+2406.79,-39.1015,-1220.64,-2071.45,-1201.81,+2098.26
2000-08-02 01:59:00 PDT,+2405.43,-42.5902,-1220.95,-2073.87,-1203.26,+2096.37
2000-08-02 02:00:00 PDT,+2403.49,-40.6848,-1224.48,-2070.29,-1206.07,+2097.6
2000-08-02 02:01:00 PDT,+2403.36,-40.791,-1224.6,-2070.12,-1205.99,+2097.61
2000-08-02 02:02:00 PDT,+2404.61,-37.4893,-1224.49,-2067.45,-1203.98,+2099.49
2000-08-02 02:03:00 PDT,+2404.8,-36.8378,-1224.87,-2066.22,-1202.77,+2100.24
2000-08-02 02:04:00 PDT,+2405.11,-36.713,-1224.6,-2066.37,-1202.51,+2100.23
2000-08-02 02:05:00 PDT,+2405.17,-36.5211,-1224.59,-2066.32,-1202.69,+2100.31
2000-08-02 02:06:00 PDT,+2406.52,-33.1744,-1224.01,-2064.56,-1202.08,+2101.71
2000-08-02 02:07:00 PDT,+2406.43,-35.5459,-1223.74,-2065.35,-1200.14,+2101.24
2000-08-02 02:08:00 PDT,+2406.26,-34.1419,-1224.49,-2064,-1200.4,+2102
2000-08-02 02:09:00 PDT,+2405.3,-36.9541,-1224.87,-2065.38,-1200.54,+2100.81
2000-08-02 02:10:00 PDT,+2406.5,-36.151,-1223.44,-2065.66,-1199.06,+2101.2
2000-08-02 02:11:00 PDT,+2407.16,-36.1659,-1222.76,-2065.99,-1197.84,+2101.31
2000-08-02 02:12:00 PDT,+2407,-33.649,-1224.18,-2063.23,-1198.14,+2102.75
2000-08-02 02:13:00 PDT,+2409.3,-29.005,-1222.91,-2060.8,-1196.09,+2104.94
2000-08-02 02:14:00 PDT,+2409.96,-29.7344,-1222.26,-2061.02,-1194.15,+2104.9
2000-08-02 02:15:00 PDT,+2410.65,-30.4711,-1220.94,-2062.64,-1193.55,+2104.25
2000-08-02 02:16:00 PDT,+2409.39,-29.1963,-1223.65,-2059.36,-1193.54,+2105.73
2000-08-02 02:17:00 PDT,+2407.45,-28.7316,-1226.93,-2056.34,-1194.87,+2106.65
2000-08-02 02:18:00 PDT,+2406.53,-29.28,-1228.24,-2055.27,-1195.06,+2106.74
2000-08-02 02:19:00 PDT,+2404.97,-32.2963,-1229.13,-2056.66,-1196.08,+2105.55
2000-08-02 02:20:00 PDT,+2402.34,-30.5825,-1234.2,-2051.31,-1197.98,+2107.48
2000-08-02 02:21:00 PDT,+2402.18,-27.9778,-1235.6,-2048.37,-1198.19,+2108.98
2000-08-02 02:22:00 PDT,+2402.96,-27.147,-1234.62,-2048.46,-1197.41,+2109.16
2000-08-02 02:23:00 PDT,+2403.54,-24.6471,-1235.01,-2046.67,-1197.49,+2110.35
2000-08-02 02:24:00 PDT,+2403.57,-24.1219,-1235.51,-2045.46,-1189.15,+2098.02
2000-08-02 02:25:00 PDT,+2402.34,-26.4912,-1236.83,-2045.29,-1188.31,+2097.63
2000-08-02 02:26:00 PDT,+2399.79,-29.7459,-1239.69,-2044.46,-1188.51,+2097.18
2000-08-02 02:27:00 PDT,+2398.46,-31.9274,-1240.02,-2046.68,-1191.59,+2095.54
2000-08-02 02:28:00 PDT,+2399.89,-31.163,-1239.06,-2046.01,-1188.55,+2096.4
2000-08-02 02:29:00 PDT,+2399.6,-31.6328,-1239.16,-2046.35,-1188.75,+2096.18
2000-08-02 02:30:00 PDT,+2401.09,-33.246,-1236.17,-2049.94,-1187.45,+2094.78
2000-08-02 02:31:00 PDT,+2400.53,-36.7587,-1235.61,-2052.72,-1187.63,+2093.06
2000-08-02 02:32:00 PDT,+2399.83,-38.1929,-1236.03,-2053.43,-1188.35,+2092.5
2000-08-02 02:33:00 PDT,+2399.36,-39.7271,-1236.12,-2054.29,-1188.3,+2091.84
2000-08-02 02:34:00 PDT,+2402.28,-41.5328,-1231.63,-2057.9,-1183.15,+2090.96
2000-08-02 02:35:00 PDT,+2398.51,-40.9864,-1236.98,-2053.94,-1187.86,+2091.65
2000-08-02 02:36:00 PDT,+2400.05,-38.7349,-1236.38,-2051.98,-1184.76,+2093.23
2000-08-02 02:37:00 PDT,+2400.12,-39.4514,-1236.34,-2051.71,-1183.6,+2093.31
2000-08-02 02:38:00 PDT,+2401.19,-38.8658,-1235.57,-2051.22,-1181.58,+2093.79
2000-08-02 02:39:00 PDT,+2400.34,-40.4068,-1236.91,-2050.33,-1180.26,+2094.06
2000-08-02 02:40:00 PDT,+2401.57,-38.0242,-1235.81,-2049.99,-1180.34,+2094.68
2000-08-02 02:41:00 PDT,+2402.84,-39.7889,-1234.19,-2050.94,-1175.78,+2094.58
2000-08-02 02:42:00 PDT,+2401.91,-43.7573,-1233.73,-2054.08,-1176.14,+2092.65
2000-08-02 02:43:00 PDT,+2404.37,-43.2094,-1230.88,-2055.29,-1172.5,+2092.93
2000-08-02 02:44:00 PDT,+2405.18,-43.0844,-1229.37,-2056.72,-1172.37,+2092.56
2000-08-02 02:45:00 PDT,+2407.11,-41.1524,-1227.48,-2056.66,-1170.1,+2093.34
2000-08-02 02:46:00 PDT,+2407.9,-38.7923,-1227.67,-2054.73,-1169.06,+2094.44
2000-08-02 02:47:00 PDT,+2406.97,-39.24,-1228.94,-2053.96,-1169.99,+2094.53
2000-08-02 02:48:00 PDT,+2404.58,-41.6627,-1230.68,-2055.23,-1174.1,+2093.19
2000-08-02 02:49:00 PDT,+2400.89,-43.4327,-1234.68,-2054.33,-1179.42,+2092.27
2000-08-02 02:50:00 PDT,+2398.92,-46.854,-1236.39,-2054.93,-1180.13,+2091.12
2000-08-02 02:51:00 PDT,+2400.46,-46.0952,-1235.65,-2053.26,-1174.93,+2092.65
2000-08-02 02:52:00 PDT,+2398.74,-48.7018,-1237.15,-2053.84,-1175.74,+2091.76
2000-08-02 02:53:00 PDT,+2397.69,-44.781,-1239.65,-2050.04,-1179.04,+2093.43
2000-08-02 02:54:00 PDT,+2397.27,-45.8453,-1239.92,-2050.23,-1179.07,+2093.07
2000-08-02 02:55:00 PDT,+2397,-44.7272,-1240.36,-2050.12,-1181.31,+2092.94
2000-08-02 02:56:00 PDT,+2395.28,-46.1485,-1242.49,-2049.31,-1182.52,+2092.77
2000-08-02 02:57:00 PDT,+2394.32,-45.2341,-1244.07,-2047.81,-1184.39,+2093.22
2000-08-02 02:58:00 PDT,+2394.23,-43.3885,-1244.88,-2046,-1184.79,+2094.23
2000-08-02 02:59:00 PDT,+2394.19,-42.6167,-1245.63,-2044.39,-1183.8,+2095.1
2000-08-02 03:00:00 PDT,+2395.6,-42.0334,-1244.8,-2043.17,-1179.4,+2096.27
2000-08-02 03:01:00 PDT,+2393.91,-45.295,-1245.58,-2044.94,-1181.1,+2094.65
2000-08-02 03:02:00 PDT,+2396.93,-46.2313,-1240.89,-2049.07,-1177.78,+2093.46
2000-08-02 03:03:00 PDT,+2398.85,-47.8424,-1237.87,-2052,-1174.36,+2092.69
2000-08-02 03:04:00 PDT,+2399.35,-50.0773,-1237.06,-2052.63,-1170.84,+2092.54
2000-08-02 03:05:00 PDT,+2397.56,-51.4736,-1238.73,-2052.94,-1173.6,+2091.67
2000-08-02 03:06:00 PDT,+2398.63,-48.9037,-1237.84,-2052.48,-1174.25,+2092.29
2000-08-02 03:07:00 PDT,+2399.54,-53.9117,-1234.26,-2058.54,-1172.63,+2089.51
2000-08-02 03:08:00 PDT,+2400.35,-54.4994,-1232.05,-2061.82,-1174.28,+2088.01
2000-08-02 03:09:00 PDT,+2399.95,-58.0159,-1230.86,-2065.3,-1175.16,+2085.88
2000-08-02 03:10:00 PDT,+2400.78,-57.0066,-1230.14,-2065.36,-1174.38,+2086.13
2000-08-02 03:11:00 PDT,+2399.56,-58.5384,-1231.8,-2064.3,-1173.65,+2086.25
2000-08-02 03:12:00 PDT,+2399.24,-59.4292,-1233.14,-2062.05,-1170.18,+2087.26
2000-08-02 03:13:00 PDT,+2402.82,-55.291,-1230.52,-2060.21,-1164.95,+2089.55
2000-08-02 03:14:00 PDT,+2402.13,-56.1139,-1231.32,-2060.06,-1165.52,+2089.38
2000-08-02 03:15:00 PDT,+2403.69,-56.3053,-1228.8,-2062.16,-1164,+2088.93
2000-08-02 03:16:00 PDT,+2404.5,-56.825,-1227.54,-2062.92,-1162.59,+2088.79
2000-08-02 03:17:00 PDT,+2402.79,-54.6513,-1230.99,-2058.84,-1164.75,+2090.25
2000-08-02 03:18:00 PDT,+2400.97,-56.7003,-1232.15,-2060.51,-1168.07,+2088.88
2000-08-02 03:19:00 PDT,+2399.84,-58.8605,-1232.28,-2062.48,-1169.84,+2087.55
2000-08-02 03:20:00 PDT,+2401.54,-53.9146,-1232.29,-2058.61,-1167.87,+2090.13
2000-08-02 03:21:00 PDT,+2400.01,-51.9741,-1234.48,-2056.96,-1172.27,+2090.47
2000-08-02 03:22:00 PDT,+2396.9,-53.9797,-1237.92,-2055.67,-1175.06,+2090.01
2000-08-02 03:23:00 PDT,+2398.57,-52.5741,-1235.73,-2056.82,-1174.58,+2090.1
2000-08-02 03:24:00 PDT,+2397.24,-56.8427,-1235.96,-2059.72,-1175.71,+2088.07
2000-08-02 03:25:00 PDT,+2395.8,-57.3844,-1237,-2060.56,-1179.38,+2087.02
2000-08-02 03:26:00 PDT,+2397.42,-56.4111,-1235.19,-2061.06,-1177.48,+2087.39
2000-08-02 03:27:00 PDT,+2398.9,-52.6947,-1235.19,-2057.71,-1175.04,+2089.72
2000-08-02 03:28:00 PDT,+2394.36,-60.3695,-1237.71,-2062.09,-1180.42,+2085.77
2000-08-02 03:29:00 PDT,+2392.85,-63.9225,-1239.07,-2062.29,-1178.68,+2085.16
2000-08-02 03:30:00 PDT,+2390.85,-66.363,-1240.27,-2063.4,-1182.11,+2083.74
2000-08-02 03:31:00 PDT,+2388.76,-70.2822,-1241.75,-2064.45,-1182.5,+2082.5
2000-08-02 03:32:00 PDT,+2390.7,-69.0637,-1240.19,-2064.19,-1179.24,+2083.38
2000-08-02 03:33:00 PDT,+2389.3,-72.3893,-1241.25,-2065.05,-1178.77,+2082.47
2000-08-02 03:34:00 PDT,+2390.68,-73.0848,-1239.14,-2066.65,-1176.68,+2082.03
2000-08-02 03:35:00 PDT,+2390.29,-71.4964,-1241.03,-2063.65,-1175.82,+2083.5
2000-08-02 03:36:00 PDT,+2389.94,-75.3853,-1240.03,-2066.79,-1174.48,+2081.8
2000-08-02 03:37:00 PDT,+2386.92,-76.5956,-1242.93,-2066.45,-1179.31,+2080.87
2000-08-02 03:38:00 PDT,+2389.38,-72.4903,-1242.02,-2063.21,-1175.71,+2083.29
2000-08-02 03:39:00 PDT,+2392.4,-66.8669,-1239.63,-2062.28,-1175.45,+2084.91
2000-08-02 03:40:00 PDT,+2391.74,-68.0065,-1239.22,-2064.54,-1178.59,+2083.52
2000-08-02 03:41:00 PDT,+2391.46,-65.5833,-1241.34,-2060.27,-1177.71,+2085.52
2000-08-02 03:42:00 PDT,+2395.75,-59.777,-1237.76,-2059.18,-1174.3,+2087.64
2000-08-02 03:43:00 PDT,+2397.68,-56.2994,-1236.12,-2058.37,-1173.32,+2088.83
2000-08-02 03:44:00 PDT,+2399.76,-51.8911,-1235.28,-2055.55,-1170.93,+2090.96
2000-08-02 03:45:00 PDT,+2399.99,-48.5016,-1235.98,-2053.19,-1172.23,+2092.3
2000-08-02 03:46:00 PDT,+2403.78,-42.7581,-1232.19,-2053.43,-1171.98,+2093.63
2000-08-02 03:47:00 PDT,+2405.69,-38.4256,-1231.04,-2051.67,-1171.47,+2095.34
2000-08-02 03:48:00 PDT,+2406.56,-37.7291,-1229.67,-2052.75,-1172,+2095.03
2000-08-02 03:49:00 PDT,+2404.59,-39.3359,-1230.56,-2054.68,-1176.55,+2093.47
2000-08-02 03:50:00 PDT,+2404.38,-38.1649,-1231.18,-2053.98,-1177.27,+2093.86
2000-08-02 03:51:00 PDT,+2401.58,-37.1782,-1234.16,-2053.23,-1184.37,+2093.24
2000-08-02 03:52:00 PDT,+2400.43,-40.643,-1234.12,-2055.91,-1185.92,+2091.32
2000-08-02 03:53:00 PDT,+2402.19,-42.9459,-1230.85,-2059.46,-1183.75,+2089.96
2000-08-02 03:54:00 PDT,+2401.28,-44.4464,-1231.02,-2061.22,-1186.41,+2088.67
2000-08-02 03:55:00 PDT,+2400.7,-46.5065,-1231.88,-2060.59,-1183.93,+2088.66
2000-08-02 03:56:00 PDT,+2403.87,-44.7002,-1227.89,-2062.62,-1181.36,+2088.27
2000-08-02 03:57:00 PDT,+2400.1,-46.2298,-1231.35,-2063.12,-1188.57,+2086.84
2000-08-02 03:58:00 PDT,+2400.61,-47.1114,-1229.82,-2065.09,-1188.75,+2086.29
2000-08-02 03:59:00 PDT,+2401.95,-47.4324,-1228.61,-2064.95,-1185.34,+2086.71
2000-08-02 04:00:00 PDT,+2400.66,-43.411,-1232.44,-2059.28,-1186.77,+2089.37
2000-08-02 04:01:00 PDT,+2400.97,-39.5922,-1233.52,-2055.81,-1186.97,+2091.39
2000-08-02 04:02:00 PDT,+2402.36,-35.5995,-1232.85,-2053.98,-1187.04,+2092.74
2000-08-02 04:03:00 PDT,+2401.92,-38.7221,-1231.95,-2057.25,-1187.27,+2091.04
2000-08-02 04:04:00 PDT,+2403.68,-36.861,-1229.94,-2058.01,-1186.55,+2091.39
2000-08-02 04:05:00 PDT,+2405.25,-32.4794,-1230.11,-2053.78,-1183.69,+2094.23
2000-08-02 04:06:00 PDT,+2406.41,-30.951,-1229.41,-2053.04,-1182.25,+2094.87
2000-08-02 04:07:00 PDT,+2406.09,-29.4079,-1231.09,-2050.16,-1181.43,+2096.25
2000-08-02 04:08:00 PDT,+2404.57,-31.0063,-1232.52,-2050.34,-1183.28,+2095.52
2000-08-02 04:09:00 PDT,+2404.16,-32.8543,-1232.32,-2051.58,-1183.25,+2094.63
2000-08-02 04:10:00 PDT,+2403.21,-33.1648,-1233.36,-2051.36,-1184.17,+2094.66
2000-08-02 04:11:00 PDT,+2403.47,-34.0732,-1232.39,-2053.1,-1184.16,+2093.97
2000-08-02 04:12:00 PDT,+2403.76,-33.604,-1232.47,-2052.27,-1183.11,+2094.48
2000-08-02 04:13:00 PDT,+2402.96,-32.554,-1233.8,-2050.78,-1185.22,+2094.92
2000-08-02 04:14:00 PDT,+2403.66,-29.6052,-1233.72,-2049.32,-1185.93,+2095.89
2000-08-02 04:15:00 PDT,+2402.43,-33.6526,-1234.36,-2050.85,-1185.13,+2094.55
2000-08-02 04:16:00 PDT,+2400.47,-41.7069,-1233.28,-2058.07,-1187.8,+2089.62
2000-08-02 04:17:00 PDT,+2400.81,-42.2998,-1232.43,-2059.15,-1187.55,+2089.17
2000-08-02 04:18:00 PDT,+2400.92,-43.0668,-1231.27,-2061.27,-1189.25,+2088.5
2000-08-02 04:19:00 PDT,+2400.39,-46.6001,-1230.61,-2064.18,-1189.25,+2086.8
2000-08-02 04:20:00 PDT,+2401.44,-47.8708,-1229.12,-2065.13,-1186.35,+2086.69
2000-08-02 04:21:00 PDT,+2400.49,-50.9256,-1228.48,-2068.59,-1188.62,+2084.49
2000-08-02 04:22:00 PDT,+2401.09,-51.1062,-1227.68,-2069.25,-1187.9,+2084.23
2000-08-02 04:23:00 PDT,+2400.59,-48.4627,-1230.01,-2065.46,-1187.75,+2085.63
2000-08-02 04:24:00 PDT,+2400.59,-47.9951,-1229.57,-2066.27,-1189.28,+2085.35
2000-08-02 04:25:00 PDT,+2401.91,-49.0252,-1227.15,-2068.73,-1187.81,+2084.84
2000-08-02 04:26:00 PDT,+2403.27,-47.3388,-1226.25,-2067.83,-1185.87,+2085.76
2000-08-02 04:27:00 PDT,+2403.88,-45.6452,-1226.11,-2066.7,-1185.67,+2086.55
2000-08-02 04:28:00 PDT,+2402.44,-47.1185,-1227.23,-2067.15,-1187.63,+2085.8
2000-08-02 04:29:00 PDT,+2401.88,-44.4752,-1229,-2064.28,-1189.25,+2087.07
2000-08-02 04:30:00 PDT,+2401.62,-43.6815,-1230.1,-2062.24,-1188.23,+2088.06
2000-08-02 04:31:00 PDT,+2403.42,-43.2396,-1227.91,-2062.97,-1184.89,+2088.49
2000-08-02 04:32:00 PDT,+2404.06,-43.3065,-1226.91,-2063.87,-1184.63,+2088.24
2000-08-02 04:33:00 PDT,+2403.68,-41.5375,-1227.98,-2062.19,-1185.93,+2088.96
2000-08-02 04:34:00 PDT,+2404.79,-40.2633,-1227.17,-2061.69,-1184.46,+2089.71
2000-08-02 04:35:00 PDT,+2406.05,-39.439,-1225.65,-2062.43,-1183.58,+2089.87
2000-08-02 04:36:00 PDT,+2406.35,-38.9451,-1225.55,-2062.06,-1183.42,+2090.09
2000-08-02 04:37:00 PDT,+2406.02,-37.5998,-1226.12,-2061.73,-1185.84,+2090.05
2000-08-02 04:38:00 PDT,+2406.81,-36.9738,-1225.01,-2062.35,-1185.41,+2090.05
2000-08-02 04:39:00 PDT,+2406.92,-39.0055,-1223.29,-2065.78,-1186.43,+2088.35
2000-08-02 04:40:00 PDT,+2406.47,-37.4989,-1224.95,-2063.27,-1186.61,+2089.44
2000-08-02 04:41:00 PDT,+2407.62,-34.8007,-1224.3,-2062.05,-1185.81,+2090.51
2000-08-02 04:42:00 PDT,+2409.02,-34.7537,-1222.05,-2064.13,-1185.06,+2090
2000-08-02 04:43:00 PDT,+2410.45,-32.826,-1221.11,-2063.24,-1183.46,+2091.03
2000-08-02 04:44:00 PDT,+2409.97,-38.2093,-1219.88,-2067.16,-1182.19,+2088.69
2000-08-02 04:45:00 PDT,+2410.02,-33.8417,-1221.12,-2063.76,-1183.61,+2090.58
2000-08-02 04:46:00 PDT,+2410.77,-33.3285,-1219.68,-2065.19,-1184.38,+2090.11
2000-08-02 04:47:00 PDT,+2409.85,-35.8886,-1220.18,-2066.05,-1184.28,+2089.3
2000-08-02 04:48:00 PDT,+2411.49,-33.4826,-1218.68,-2065.69,-1183.44,+2090.07
2000-08-02 04:49:00 PDT,+2412.19,-30.4345,-1218.96,-2063.65,-1183.15,+2091.47
2000-08-02 04:50:00 PDT,+2410.89,-31.4127,-1221.54,-2060.94,-1181.13,+2092.34
2000-08-02 04:51:00 PDT,+2409.68,-34.1037,-1222.21,-2062.29,-1182.07,+2091.2
2000-08-02 04:52:00 PDT,+2407.83,-30.4946,-1226.25,-2057.1,-1184.74,+2093.41
2000-08-02 04:53:00 PDT,+2408.53,-26.8281,-1227.67,-2052.69,-1182.6,+2096.1
2000-08-02 04:54:00 PDT,+2409.75,-23.7495,-1228.06,-2049.41,-1179.7,+2098.31
2000-08-02 04:55:00 PDT,+2410.25,-23.4224,-1227.89,-2048.69,-1177.96,+2098.8
2000-08-02 04:56:00 PDT,+2408.74,-24.6978,-1229.28,-2048.86,-1179.97,+2098.19
2000-08-02 04:57:00 PDT,+2407.64,-27.6749,-1230.53,-2048.61,-1178.21,+2097.88
2000-08-02 04:58:00 PDT,+2404.66,-27.9429,-1235.19,-2044.62,-1180,+2098.87
2000-08-02 04:59:00 PDT,+2404.25,-28.478,-1235.24,-2045.55,-1181.45,+2098.25
2000-08-02 05:00:00 PDT,+2403.12,-28.794,-1236.43,-2045.41,-1183.19,+2097.99
2000-08-02 05:01:00 PDT,+2401.17,-27.4088,-1240.61,-2040.33,-1183.29,+2099.98
2000-08-02 05:02:00 PDT,+2402.38,-28.1008,-1238.93,-2041.55,-1181.23,+2099.74
2000-08-02 05:03:00 PDT,+2402.45,-29.4847,-1237.83,-2044.08,-1182.17,+2098.47
2000-08-02 05:04:00 PDT,+2403.24,-29.8699,-1236.78,-2044.7,-1180.39,+2098.42
2000-08-02 05:05:00 PDT,+2402.62,-33.202,-1236.33,-2047.29,-1180.67,+2096.75
2000-08-02 05:06:00 PDT,+2402.18,-34.0972,-1236.02,-2048.69,-1182.06,+2095.94
2000-08-02 05:07:00 PDT,+2401.86,-37.8171,-1234.95,-2052.05,-1182.05,+2094.01
2000-08-02 05:08:00 PDT,+2400.88,-37.2739,-1236.37,-2050.86,-1183.75,+2094.28
2000-08-02 05:09:00 PDT,+2402.53,-40.891,-1233.34,-2054.18,-1179.13,+2093.03
2000-08-02 05:10:00 PDT,+2404.11,-42.5539,-1230.2,-2057.77,-1177.6,+2091.73
2000-08-02 05:11:00 PDT,+2404.3,-43.5286,-1230.48,-2056.78,-1173.94,+2092.38
2000-08-02 05:12:00 PDT,+2402.53,-46.6729,-1232.4,-2056.56,-1173.53,+2091.77
2000-08-02 05:13:00 PDT,+2403.38,-46.6165,-1231.69,-2056.51,-1171.59,+2092.03
2000-08-02 05:14:00 PDT,+2403.34,-48.1387,-1231.53,-2057.11,-1170.5,+2091.67
2000-08-02 05:15:00 PDT,+2401.52,-48.6048,-1234.21,-2055.13,-1171.6,+2092
2000-08-02 05:16:00 PDT,+2401.01,-51.1491,-1234.28,-2056.35,-1170.81,+2091.21
2000-08-02 05:17:00 PDT,+2400.93,-52.4554,-1233.69,-2057.86,-1171.1,+2090.48
2000-08-02 05:18:00 PDT,+2399.72,-49.7775,-1236.31,-2054.35,-1173.2,+2091.95
2000-08-02 05:19:00 PDT,+2398.73,-50.6764,-1237.48,-2054,-1173.77,+2091.8
2000-08-02 05:20:00 PDT,+2397.81,-50.2841,-1238.61,-2053.27,-1175.63,+2091.9
2000-08-02 05:21:00 PDT,+2396.34,-50.1618,-1241.05,-2050.94,-1176.48,+2092.56
2000-08-02 05:22:00 PDT,+2395.31,-53.4409,-1240.84,-2053.77,-1178.13,+2090.67
2000-08-02 05:23:00 PDT,+2395.72,-50.1974,-1242.44,-2049.13,-1175.84,+2093.23
2000-08-02 05:24:00 PDT,+2395.11,-49.6868,-1244.47,-2046.08,-1173.84,+2094.62
2000-08-02 05:25:00 PDT,+2392.86,-52.7794,-1246.28,-2046.94,-1175.69,+2093.38
2000-08-02 05:26:00 PDT,+2392.43,-47.6453,-1249.35,-2040.78,-1176.25,+2096.46
2000-08-02 05:27:00 PDT,+2392.34,-44.7048,-1251.21,-2036.72,-1175.32,+2098.57
2000-08-02 05:28:00 PDT,+2388.67,-44.1349,-1255.56,-2034.57,-1182.09,+2098.42
2000-08-02 05:29:00 PDT,+2385.8,-45.9119,-1258.57,-2033.97,-1186.01,+2097.66
2000-08-02 05:30:00 PDT,+2385.9,-43.9127,-1260.16,-2029.99,-1183.72,+2099.69
2000-08-02 05:31:00 PDT,+2386.38,-50.2942,-1256.99,-2036.62,-1181.75,+2096.39
2000-08-02 05:32:00 PDT,+2382.71,-55.6633,-1260.53,-2036.73,-1183.07,+2095.04
2000-08-02 05:33:00 PDT,+2384.03,-54.4299,-1259.36,-2036.54,-1181.37,+2095.66
2000-08-02 05:34:00 PDT,+2381.54,-59.1437,-1261.4,-2037.51,-1181.65,+2094.31
2000-08-02 05:35:00 PDT,+2379.9,-62.8966,-1262.62,-2038.38,-1181.06,+2093.24
2000-08-02 05:36:00 PDT,+2381.71,-65.235,-1259.82,-2040.97,-1176.38,+2092.51
2000-08-02 05:37:00 PDT,+2379.67,-69.2474,-1261.13,-2042.47,-1177.27,+2091
2000-08-02 05:38:00 PDT,+2378.97,-66.2473,-1263.43,-2038.45,-1178.33,+2092.82
2000-08-02 05:39:00 PDT,+2378.52,-71.3661,-1261.38,-2044.12,-1179.09,+2089.72
2000-08-02 05:40:00 PDT,+2377.99,-75.3459,-1261.1,-2046.2,-1176.9,+2088.51
2000-08-02 05:41:00 PDT,+2376.69,-77.7777,-1262.08,-2046.87,-1177.36,+2087.71
2000-08-02 05:42:00 PDT,+2379.76,-75.979,-1259.01,-2047.36,-1173.27,+2088.53
2000-08-02 05:43:00 PDT,+2381.48,-78.2783,-1256.35,-2049.8,-1168.58,+2087.87
2000-08-02 05:44:00 PDT,+2387.45,-72.4609,-1250.35,-2050.66,-1164.14,+2089.37
2000-08-02 05:45:00 PDT,+2387.26,-78.39,-1248.91,-2054.47,-1160.6,+2087.31
2000-08-02 05:46:00 PDT,+2384.93,-81.8605,-1251.95,-2052.73,-1158.47,+2087.36
2000-08-02 05:47:00 PDT,+2384.79,-80.0259,-1252.71,-2051.32,-1159.87,+2088.04
2000-08-02 05:48:00 PDT,+2384.16,-80.0753,-1254.11,-2049.54,-1159.07,+2088.71
2000-08-02 05:49:00 PDT,+2383.15,-80.735,-1254.51,-2050.66,-1162.03,+2087.87
2000-08-02 05:50:00 PDT,+2381.74,-82.6849,-1255.01,-2052.52,-1164.87,+2086.42
2000-08-02 05:51:00 PDT,+2381.24,-80.4796,-1256.54,-2050.02,-1166.29,+2087.53
2000-08-02 05:52:00 PDT,+2379.41,-79.5574,-1258.68,-2049.07,-1170.99,+2087.43
2000-08-02 05:53:00 PDT,+2382.08,-78.2228,-1256.26,-2048.81,-1165.96,+2088.49
2000-08-02 05:54:00 PDT,+2380.14,-83.0894,-1256.48,-2052.5,-1168,+2085.98
2000-08-02 05:55:00 PDT,+2380.13,-81.1775,-1257.35,-2050.55,-1168.35,+2087.01
2000-08-02 05:56:00 PDT,+2379.68,-80.6147,-1258.29,-2049.36,-1168.79,+2087.5
2000-08-02 05:57:00 PDT,+2376.92,-81.8351,-1260.85,-2049.5,-1173.84,+2086.52
2000-08-02 05:58:00 PDT,+2377.54,-81.778,-1260.37,-2049.33,-1172.2,+2086.79
2000-08-02 05:59:00 PDT,+2376.94,-78.8067,-1261.97,-2046.88,-1174.93,+2087.88
2000-08-02 06:00:00 PDT,+2377.38,-73.8636,-1263.94,-2041.36,-1174.23,+2090.87
2000-08-02 06:01:00 PDT,+2376.39,-71.7433,-1266.85,-2036.8,-1173.79,+2092.86
2000-08-02 06:02:00 PDT,+2375.46,-71.7238,-1267.95,-2036.26,-1175.49,+2092.81
2000-08-02 06:03:00 PDT,+2378.74,-66.0191,-1266.04,-2033.5,-1172.59,+2095.35
2000-08-02 06:04:00 PDT,+2379.86,-64.9529,-1264.79,-2033.89,-1171.92,+2095.55
2000-08-02 06:05:00 PDT,+2380.19,-69.0231,-1263.52,-2036.21,-1167.99,+2094.44
2000-08-02 06:06:00 PDT,+2378.18,-67.7102,-1266.65,-2033.18,-1171.06,+2095.3
2000-08-02 06:07:00 PDT,+2379.34,-67.0434,-1265.28,-2033.86,-1170.09,+2095.35
2000-08-02 06:08:00 PDT,+2378.93,-68.6878,-1265.14,-2035.07,-1170.18,+2094.59
2000-08-02 06:09:00 PDT,+2378.08,-71.1674,-1264.85,-2037.58,-1171.78,+2093.01
2000-08-02 06:10:00 PDT,+2377.8,-68.0174,-1266.82,-2033.56,-1172.11,+2094.96
2000-08-02 06:11:00 PDT,+2377.61,-71.6199,-1265.86,-2036.25,-1170.6,+2093.52
2000-08-02 06:12:00 PDT,+2378.32,-74.0772,-1264.69,-2037.46,-1166.59,+2093.12
2000-08-02 06:13:00 PDT,+2377.11,-75.9146,-1265.26,-2038.75,-1168.32,+2092.09
2000-08-02 06:14:00 PDT,+2375.64,-79.9305,-1265.84,-2040.63,-1168.26,+2090.62
2000-08-02 06:15:00 PDT,+2376.02,-78.7238,-1265.78,-2039.98,-1168.38,+2091.09
2000-08-02 06:16:00 PDT,+2376.13,-80.9856,-1264.63,-2042.56,-1168.02,+2089.77
2000-08-02 06:17:00 PDT,+2375.11,-81.0463,-1266.55,-2040.27,-1167.4,+2090.59
2000-08-02 06:18:00 PDT,+2377.52,-78.3927,-1264.87,-2038.93,-1163.79,+2092.09
2000-08-02 06:19:00 PDT,+2381.93,-73.776,-1261.46,-2037.28,-1157.89,+2094.38
2000-08-02 06:20:00 PDT,+2384.41,-70.2234,-1260.52,-2034.14,-1153.09,+2096.76
2000-08-02 06:21:00 PDT,+2384.15,-69.5827,-1260.48,-2034.79,-1155.62,+2096.35
2000-08-02 06:22:00 PDT,+2382.88,-71.1335,-1261.27,-2035.71,-1157.54,+2095.43
2000-08-02 06:23:00 PDT,+2385.55,-75.1005,-1256.81,-2040.43,-1151.02,+2093.83
2000-08-02 06:24:00 PDT,+2382.37,-78.7448,-1259.47,-2041.13,-1154.07,+2092.46
2000-08-02 06:25:00 PDT,+2381.95,-80.9107,-1259.05,-2043.08,-1154.36,+2091.31
2000-08-02 06:26:00 PDT,+2382.45,-76.8898,-1260.24,-2039.15,-1154.21,+2093.49
2000-08-02 06:27:00 PDT,+2381.12,-80.5468,-1261.19,-2039.94,-1152.75,+2092.62
2000-08-02 06:28:00 PDT,+2378.97,-86.6829,-1261.49,-2043.86,-1153.63,+2089.91
2000-08-02 06:29:00 PDT,+2378.93,-84.3779,-1262.74,-2041.05,-1153.71,+2091.3
2000-08-02 06:30:00 PDT,+2381.45,-83.6646,-1259.21,-2043.74,-1152.18,+2090.77
2000-08-02 06:31:00 PDT,+2378.7,-83.794,-1262.63,-2041.78,-1156.11,+2090.91
2000-08-02 06:32:00 PDT,+2378.66,-86.4913,-1261.33,-2044.9,-1156.12,+2089.33
2000-08-02 06:33:00 PDT,+2379.15,-84.8698,-1261.44,-2043.65,-1155.82,+2090.12
2000-08-02 06:34:00 PDT,+2381.95,-84.9163,-1257.55,-2046.6,-1152.86,+2089.52
2000-08-02 06:35:00 PDT,+2380.35,-86.5737,-1258.47,-2047.88,-1155.9,+2088.36
2000-08-02 06:36:00 PDT,+2378.65,-90.0365,-1259.71,-2048.61,-1155.57,+2087.4
2000-08-02 06:37:00 PDT,+2378.44,-90.792,-1259.28,-2049.96,-1156.79,+2086.63
2000-08-02 06:38:00 PDT,+2378.92,-90.7907,-1258.94,-2049.68,-1155.26,+2086.91
2000-08-02 06:39:00 PDT,+2378.57,-91.8346,-1258.21,-2052.01,-1157.48,+2085.67
2000-08-02 06:40:00 PDT,+2376.62,-92.8566,-1259.99,-2052.07,-1160.76,+2085.04
2000-08-02 06:41:00 PDT,+2376.86,-88.1404,-1261.18,-2048.79,-1163.21,+2086.81
2000-08-02 06:42:00 PDT,+2376.83,-88.7259,-1260.72,-2049.91,-1163.84,+2086.24
2000-08-02 06:43:00 PDT,+2375.42,-87.941,-1261.78,-2050.41,-1169.25,+2085.57
2000-08-02 06:44:00 PDT,+2376.63,-90.175,-1259.58,-2052.89,-1166.05,+2084.71
2000-08-02 06:45:00 PDT,+2375.27,-92.4524,-1259.81,-2055.26,-1168.92,+2083.08
2000-08-02 06:46:00 PDT,+2379.68,-91.3856,-1253.17,-2060.99,-1167.47,+2081.61
2000-08-02 06:47:00 PDT,+2382.61,-83.3248,-1252.52,-2056.09,-1166.23,+2085.13
2000-08-02 06:48:00 PDT,+2382.79,-81.8292,-1251.83,-2057.17,-1169.62,+2084.63
2000-08-02 06:49:00 PDT,+2382.58,-81.6775,-1252.22,-2056.69,-1169.73,+2084.8
2000-08-02 06:50:00 PDT,+2382.39,-77.7876,-1254.04,-2052.92,-1171.25,+2086.65
2000-08-02 06:51:00 PDT,+2383.66,-78.5655,-1252.11,-2054.64,-1169.22,+2086.2
2000-08-02 06:52:00 PDT,+2383.24,-78.9725,-1252.2,-2055.23,-1170.48,+2085.75
2000-08-02 06:53:00 PDT,+2382.84,-75.6577,-1253.71,-2052.63,-1173.18,+2086.96
2000-08-02 06:54:00 PDT,+2382.4,-75.001,-1253.93,-2053.04,-1175.82,+2086.61
2000-08-02 06:55:00 PDT,+2383.21,-73.6334,-1253.47,-2052.35,-1174.99,+2087.24
2000-08-02 06:56:00 PDT,+2384.71,-71.6232,-1252.86,-2050.48,-1171.94,+2088.7
2000-08-02 06:57:00 PDT,+2383.28,-71.8434,-1255.01,-2048.63,-1172.68,+2089.14
2000-08-02 06:58:00 PDT,+2384,-70.2795,-1254.7,-2047.82,-1172.3,+2089.79
2000-08-02 06:59:00 PDT,+2387.24,-65.9757,-1251.71,-2047.57,-1170.57,+2091.04
2000-08-02 07:00:00 PDT,+2387.39,-64.8721,-1251.62,-2047.41,-1171.73,+2091.16
2000-08-02 07:01:00 PDT,+2389.08,-62.234,-1249.4,-2048.72,-1173.35,+2091.07
2000-08-02 07:02:00 PDT,+2388.43,-63.7719,-1249.71,-2049.47,-1173.62,+2090.45
2000-08-02 07:03:00 PDT,+2391.23,-63.3575,-1245.55,-2052.83,-1171.89,+2089.67
2000-08-02 07:04:00 PDT,+2392.31,-60.8554,-1245.05,-2051.56,-1171.3,+2090.71
2000-08-02 07:05:00 PDT,+2392.15,-62.9189,-1244.34,-2053.57,-1171.23,+2089.61
2000-08-02 07:06:00 PDT,+2393.2,-62.2335,-1243.05,-2054.24,-1170.61,+2089.62
2000-08-02 07:07:00 PDT,+2393.69,-59.6274,-1243.12,-2052.92,-1171.59,+2090.5
2000-08-02 07:08:00 PDT,+2395.22,-59.4612,-1240.9,-2054.67,-1170.45,+2090.11
2000-08-02 07:09:00 PDT,+2394.4,-59.002,-1242,-2053.91,-1172.11,+2090.25
2000-08-02 07:10:00 PDT,+2397.09,-52.8153,-1241.11,-2049.99,-1169.55,+2093.23
2000-08-02 07:11:00 PDT,+2396.63,-50.5778,-1242.51,-2047.76,-1171.04,+2094.26
2000-08-02 07:12:00 PDT,+2397.58,-52.6702,-1239.71,-2052.03,-1171.32,+2092.35
2000-08-02 07:13:00 PDT,+2396.96,-53.9773,-1240.09,-2052.55,-1171.59,+2091.85
2000-08-02 07:14:00 PDT,+2397.99,-54.1518,-1238.03,-2054.92,-1171.97,+2090.98
2000-08-02 07:15:00 PDT,+2398.44,-54.7558,-1237.08,-2056.13,-1171.61,+2090.5
2000-08-02 07:16:00 PDT,+2397.71,-55.7662,-1236.88,-2058.07,-1174.55,+2089.22
2000-08-02 07:17:00 PDT,+2401.37,-53.4231,-1232.63,-2059.65,-1171.21,+2089.68
2000-08-02 07:18:00 PDT,+2401.51,-54.3995,-1231.59,-2061.59,-1172.11,+2088.69
2000-08-02 07:19:00 PDT,+2401.46,-54.9131,-1231.03,-2062.89,-1173.26,+2087.98
2000-08-02 07:20:00 PDT,+2405.13,-47.6594,-1228.99,-2059.3,-1170.11,+2091.19
2000-08-02 07:21:00 PDT,+2404.52,-49.1941,-1229.27,-2060.03,-1170.29,+2090.59
2000-08-02 07:22:00 PDT,+2405.37,-49.4699,-1228.2,-2060.64,-1168.61,+2090.56
2000-08-02 07:23:00 PDT,+2406.01,-49.2317,-1227.7,-2060.4,-1167.07,+2090.91
2000-08-02 07:24:00 PDT,+2407.33,-47.8535,-1225.82,-2061.62,-1167.48,+2090.74
2000-08-02 07:25:00 PDT,+2406.92,-47.4568,-1226.46,-2060.72,-1168.07,+2091.03
2000-08-02 07:26:00 PDT,+2406.26,-49.5227,-1226.24,-2062.68,-1169.3,+2089.76
2000-08-02 07:27:00 PDT,+2406.16,-49.6532,-1226.3,-2062.74,-1169.38,+2089.69
2000-08-02 07:28:00 PDT,+2404.99,-52.5881,-1226.84,-2064.15,-1169.83,+2088.53
2000-08-02 07:29:00 PDT,+2404.99,-55.4681,-1225.47,-2067.65,-1170.12,+2086.52
2000-08-02 07:30:00 PDT,+2402.69,-58.6899,-1227.34,-2068.27,-1171.16,+2085.5
2000-08-02 07:31:00 PDT,+2401.57,-56.2858,-1230.77,-2063.2,-1170.56,+2087.63
2000-08-02 07:32:00 PDT,+2401.99,-55.5816,-1230.06,-2063.78,-1171.43,+2087.47
2000-08-02 07:33:00 PDT,+2402.2,-54.1019,-1230.16,-2063,-1172.09,+2088.14
2000-08-02 07:34:00 PDT,+2401.42,-53.5159,-1231.45,-2061.78,-1173.24,+2088.52
2000-08-02 07:35:00 PDT,+2404.17,-52.8772,-1227.78,-2064.35,-1171.61,+2088
2000-08-02 07:36:00 PDT,+2402.03,-53.8684,-1229.99,-2063.95,-1174.79,+2087.64
2000-08-02 07:37:00 PDT,+2402.61,-55.8605,-1228.55,-2065.96,-1173.15,+2086.78
2000-08-02 07:38:00 PDT,+2400.2,-57.1041,-1231,-2065.71,-1176.81,+2086.06
2000-08-02 07:39:00 PDT,+2399.45,-57.3959,-1231.65,-2065.85,-1178.39,+2085.72
2000-08-02 07:40:00 PDT,+2399.49,-57.2532,-1231.66,-2065.75,-1178.38,+2085.79
2000-08-02 07:41:00 PDT,+2399.16,-57.6275,-1231.54,-2066.45,-1179.72,+2085.25
2000-08-02 07:42:00 PDT,+2400.33,-59.0378,-1228.71,-2069.91,-1178.81,+2083.94
2000-08-02 07:43:00 PDT,+2399,-61.4731,-1229.34,-2071.11,-1179.41,+2082.95
2000-08-02 07:44:00 PDT,+2398.34,-61.6536,-1229.93,-2071.2,-1180.92,+2082.66
2000-08-02 07:45:00 PDT,+2398.6,-58.0441,-1230.64,-2068.4,-1182.26,+2084.14
2000-08-02 07:46:00 PDT,+2397.27,-57.1672,-1232.91,-2066.41,-1183.92,+2084.77
2000-08-02 07:47:00 PDT,+2398.62,-56.1007,-1232,-2065.86,-1182.1,+2085.44
2000-08-02 07:48:00 PDT,+2397,-56.3963,-1234.66,-2063.42,-1183.14,+2085.99
2000-08-02 07:49:00 PDT,+2396.68,-55.8416,-1235.17,-2063.18,-1183.34,+2086.24
2000-08-02 07:50:00 PDT,+2396.27,-56.564,-1235.86,-2062.58,-1182.43,+2086.43
2000-08-02 07:51:00 PDT,+2394.22,-60.5437,-1237.25,-2064.04,-1183.44,+2084.93
2000-08-02 07:52:00 PDT,+2394.44,-64.7846,-1235.48,-2068.08,-1181.81,+2082.6
2000-08-02 07:53:00 PDT,+2395.66,-63.374,-1234.91,-2066.8,-1180.04,+2083.54
2000-08-02 07:54:00 PDT,+2397.05,-63.9473,-1233.08,-2067.99,-1177.36,+2083.22
2000-08-02 07:55:00 PDT,+2397.75,-63.3384,-1233.04,-2066.63,-1174.65,+2084.2
2000-08-02 07:56:00 PDT,+2398.36,-63.5729,-1231.55,-2068.16,-1174.35,+2084.02
2000-08-02 07:57:00 PDT,+2400.15,-61.6838,-1229.67,-2068.69,-1173.37,+2084.4
2000-08-02 07:58:00 PDT,+2399.45,-60.7232,-1231.12,-2066.54,-1173.84,+2085.24
2000-08-02 07:59:00 PDT,+2399.81,-59.0492,-1231.32,-2065.27,-1173.72,+2086.04
2000-08-02 08:00:00 PDT,+2400.37,-58.1295,-1231.36,-2063.72,-1170.94,+2087.18
2000-08-02 08:01:00 PDT,+2401.5,-55.2572,-1231.24,-2061.79,-1170.49,+2088.48
2000-08-02 08:02:00 PDT,+2402.35,-51.7586,-1230.7,-2060.94,-1172.5,+2089.24
2000-08-02 08:03:00 PDT,+2401.58,-53.6217,-1230.86,-2062.64,-1173.61,+2088.33
2000-08-02 08:04:00 PDT,+2400.59,-52.61,-1231.92,-2062.14,-1176.67,+2088.29
2000-08-02 08:05:00 PDT,+2400.29,-51.0252,-1232.72,-2060.94,-1178.16,+2088.83
2000-08-02 08:06:00 PDT,+2400.91,-48.0488,-1232.71,-2059.49,-1179.11,+2089.82
2000-08-02 08:07:00 PDT,+2401.05,-46.026,-1233.42,-2057.57,-1179.16,+2090.89
2000-08-02 08:08:00 PDT,+2401.42,-43.9319,-1234.2,-2055.18,-1179.14,+2092.1
2000-08-02 08:09:00 PDT,+2401.4,-42.4148,-1234.75,-2052.72,-1178.05,+2093.38
2000-08-02 08:10:00 PDT,+2400.86,-42.7662,-1235.49,-2051.95,-1177.19,+2093.71
2000-08-02 08:11:00 PDT,+2401.28,-39.8815,-1236.51,-2048.64,-1175.9,+2095.64
2000-08-02 08:12:00 PDT,+2400.25,-41.3152,-1237.02,-2049.33,-1176.37,+2095.07
2000-08-02 08:13:00 PDT,+2400.14,-43.6172,-1236.06,-2052.63,-1176.29,+2093.58
2000-08-02 08:14:00 PDT,+2402.6,-39.8258,-1234.63,-2050.77,-1173.97,+2095.31
2000-08-02 08:15:00 PDT,+2404.83,-37.7816,-1232.88,-2050.34,-1171.56,+2095.89
2000-08-02 08:16:00 PDT,+2405.74,-35.8337,-1233.08,-2048.42,-1170.48,+2096.89
2000-08-02 08:17:00 PDT,+2405.74,-33.0002,-1233.85,-2046.55,-1172.92,+2097.76
2000-08-02 08:18:00 PDT,+2402.61,-33.4756,-1237.84,-2044,-1175.93,+2098.11
2000-08-02 08:19:00 PDT,+2402.26,-34.5984,-1237.05,-2046.37,-1178.34,+2097.05
2000-08-02 08:20:00 PDT,+2400.03,-30.4862,-1241.71,-2039.83,-1181.4,+2099.81
2000-08-02 08:21:00 PDT,+2401.54,-31.1256,-1239.81,-2041.25,-1178.47,+2099.46
2000-08-02 08:22:00 PDT,+2403.54,-29.6038,-1238.22,-2040.48,-1174.75,+2100.57
2000-08-02 08:23:00 PDT,+2403.75,-30.0399,-1238.43,-2040.38,-1173.88,+2100.43
2000-08-02 08:24:00 PDT,+2403.4,-31.161,-1238.43,-2040.97,-1173.24,+2099.92
2000-08-02 08:25:00 PDT,+2402.99,-35.878,-1236.98,-2044.75,-1172.01,+2097.51
2000-08-02 08:26:00 PDT,+2401.45,-36.5529,-1238.85,-2044.02,-1173.67,+2097.57
2000-08-02 08:27:00 PDT,+2401.06,-36.6854,-1238.7,-2044.37,-1174.26,+2097.35
2000-08-02 08:28:00 PDT,+2399.67,-37.647,-1239.46,-2045.75,-1178.82,+2096.4
2000-08-02 08:29:00 PDT,+2399.04,-35.901,-1241.34,-2041.95,-1179.3,+2098.15
2000-08-02 08:30:00 PDT,+2400.44,-33.4332,-1240.33,-2041.57,-1178.61,+2098.95
2000-08-02 08:31:00 PDT,+2399.65,-37.4738,-1239.56,-2044.74,-1177.6,+2097.21
2000-08-02 08:32:00 PDT,+2399.55,-34.0005,-1241.69,-2040.18,-1177.07,+2099.34
2000-08-02 08:33:00 PDT,+2397.09,-38.5446,-1242.26,-2044.42,-1179.31,+2096.77
2000-08-02 08:34:00 PDT,+2398.54,-36.7762,-1241.8,-2042.66,-1176.59,+2097.93
2000-08-02 08:35:00 PDT,+2400.68,-37.9132,-1239.37,-2042.91,-1170.65,+2098.01
2000-08-02 08:36:00 PDT,+2401.09,-38.1427,-1238.89,-2043.88,-1171.7,+2097.47
2000-08-02 08:37:00 PDT,+2400.33,-39.4846,-1238.36,-2046.58,-1175.22,+2096.01
2000-08-02 08:38:00 PDT,+2399.84,-39.8885,-1238.49,-2047.18,-1176.84,+2095.33
2000-08-02 08:39:00 PDT,+2398.74,-43.3384,-1238.69,-2049.66,-1177.53,+2093.74
2000-08-02 08:40:00 PDT,+2397.12,-45.3345,-1240.29,-2049.54,-1178.41,+2093.21
2000-08-02 08:41:00 PDT,+2398.47,-45.6703,-1239.11,-2049.82,-1175.67,+2093.23
2000-08-02 08:42:00 PDT,+2396.35,-48.1861,-1240.12,-2051.56,-1177.89,+2092.18
2000-08-02 08:43:00 PDT,+2394.5,-50.0536,-1241.51,-2051.45,-1179.1,+2091.71
2000-08-02 08:44:00 PDT,+2395.94,-50.6273,-1239.87,-2052.66,-1175.89,+2091.7
2000-08-02 08:45:00 PDT,+2394.75,-56.5334,-1239.37,-2056.62,-1174.92,+2088.62
2000-08-02 08:46:00 PDT,+2395.39,-53.6719,-1239.81,-2054.62,-1175.53,+2090
2000-08-02 08:47:00 PDT,+2396.72,-49.6343,-1239.93,-2050.72,-1174.59,+2092.37
2000-08-02 08:48:00 PDT,+2396.61,-50.8649,-1239.93,-2050.94,-1173.47,+2091.88
2000-08-02 08:49:00 PDT,+2397.55,-49.4351,-1239.47,-2050.63,-1174.83,+2092.46
2000-08-02 08:50:00 PDT,+2396.26,-52.0293,-1239.9,-2051.96,-1174.98,+2091.67
2000-08-02 08:51:00 PDT,+2395.27,-55.9815,-1238.75,-2056.63,-1176.22,+2088.81
2000-08-02 08:52:00 PDT,+2395.9,-56.9301,-1237.52,-2058.96,-1175.78,+2088.25
2000-08-02 08:53:00 PDT,+2394.56,-56.7393,-1239.14,-2056.59,-1176.55,+2088.35
2000-08-02 08:54:00 PDT,+2393.26,-61.4308,-1238.54,-2059.98,-1176.75,+2086.19
2000-08-02 08:55:00 PDT,+2396.09,-56.1894,-1237.78,-2056.5,-1175.15,+2088.81
2000-08-02 08:56:00 PDT,+2395.28,-56.3024,-1238.97,-2056.09,-1176.94,+2088.65
2000-08-02 08:57:00 PDT,+2395.16,-56.3412,-1238.86,-2056.48,-1177.82,+2088.55
2000-08-02 08:58:00 PDT,+2394.6,-58.0393,-1238.56,-2058.2,-1178.98,+2087.99
2000-08-02 08:59:00 PDT,+2393.8,-58.2985,-1239.08,-2058.38,-1179.9,+2087.58
2000-08-02 09:00:00 PDT,+2390.93,-58.7594,-1242.93,-2054.84,-1182.28,+2087.8
2000-08-02 09:01:00 PDT,+2393.15,-56.0566,-1241.39,-2053.47,-1178.91,+2089.08
2000-08-02 09:02:00 PDT,+2391.02,-63.9463,-1241.07,-2059.65,-1178.42,+2085.21
2000-08-02 09:03:00 PDT,+2391.46,-65.1851,-1239.92,-2061.15,-1176.97,+2084.39
2000-08-02 09:04:00 PDT,+2391.58,-65.7598,-1240.19,-2060.61,-1174.15,+2085.07
2000-08-02 09:05:00 PDT,+2390.94,-66.4607,-1241.15,-2059.97,-1173.74,+2084.99
2000-08-02 09:06:00 PDT,+2389.39,-65.9359,-1242.35,-2060.29,-1178.12,+2084.98
2000-08-02 09:07:00 PDT,+2389.97,-63.4804,-1242.81,-2057.78,-1177.25,+2086.29
2000-08-02 09:08:00 PDT,+2387.54,-65.7844,-1244.61,-2059.12,-1181.74,+2084.93
2000-08-02 09:09:00 PDT,+2387.35,-66.4961,-1244.41,-2060.45,-1182.61,+2084.15
2000-08-02 09:10:00 PDT,+2387.22,-65.3154,-1245.3,-2058.49,-1182.46,+2085.26
2000-08-02 09:11:00 PDT,+2386.43,-63.7174,-1246.84,-2057.12,-1185.53,+2086.03
2000-08-02 09:12:00 PDT,+2386.11,-66.8263,-1246.64,-2056.8,-1181.16,+2085.52
2000-08-02 09:13:00 PDT,+2385.51,-67.2946,-1247.32,-2056.75,-1182.55,+2085.16
2000-08-02 09:14:00 PDT,+2385.51,-67.7809,-1247.52,-2055.14,-1180.5,+2085.51
2000-08-02 09:15:00 PDT,+2390.84,-61.2808,-1243.84,-2054.34,-1178.16,+2087.54
2000-08-02 09:16:00 PDT,+2388.08,-64.5342,-1245.37,-2056.46,-1183.01,+2085.72
2000-08-02 09:17:00 PDT,+2391.53,-62.635,-1242.87,-2056.38,-1178.51,+2086.41
2000-08-02 09:18:00 PDT,+2390.58,-60.1926,-1244.72,-2054.03,-1180.48,+2087.83
2000-08-02 09:19:00 PDT,+2387.75,-63.4092,-1246.46,-2055.17,-1182.86,+2086.71
2000-08-02 09:20:00 PDT,+2387.76,-61.0637,-1246.99,-2052.91,-1182.96,+2087.96
2000-08-02 09:21:00 PDT,+2384.25,-61.627,-1251.05,-2049.98,-1186.39,+2088.65
2000-08-02 09:22:00 PDT,+2381.94,-65.5482,-1252.18,-2052.31,-1187.51,+2086.68
2000-08-02 09:23:00 PDT,+2383.86,-69.8589,-1248.24,-2058.16,-1182.96,+2084.04
2000-08-02 09:24:00 PDT,+2384.56,-74.0097,-1245.76,-2062.99,-1180.27,+2081.5
2000-08-02 09:25:00 PDT,+2384.47,-73.2641,-1245.95,-2063.27,-1181.54,+2081.42
2000-08-02 09:26:00 PDT,+2386.47,-70.2325,-1244.8,-2062.61,-1181.57,+2082.49
2000-08-02 09:27:00 PDT,+2383.66,-70.1436,-1247.34,-2061.68,-1186.47,+2082.39
2000-08-02 09:28:00 PDT,+2386.78,-65.0704,-1245.16,-2060.14,-1186.77,+2084.28
2000-08-02 09:29:00 PDT,+2387.87,-63.7094,-1244.32,-2058.95,-1184.95,+2084.89
2000-08-02 09:30:00 PDT,+2389.62,-62.7272,-1242.61,-2058.54,-1181.64,+2085.4
2000-08-02 09:31:00 PDT,+2390.85,-59.4774,-1242.51,-2055.88,-1180.98,+2087.26
2000-08-02 09:32:00 PDT,+2391.43,-55.8632,-1243.16,-2052.29,-1182.55,+2089.17
2000-08-02 09:33:00 PDT,+2393.59,-57.4941,-1239.79,-2055.77,-1178,+2088.18
2000-08-02 09:34:00 PDT,+2396.37,-53.8624,-1237.77,-2056.06,-1177.79,+2088.92
2000-08-02 09:35:00 PDT,+2394.78,-54.3384,-1239.27,-2054.77,-1180.12,+2088.92
2000-08-02 09:36:00 PDT,+2395.59,-55.9972,-1237.85,-2057.78,-1179.64,+2087.68
2000-08-02 09:37:00 PDT,+2393.92,-55.4841,-1239.48,-2056.01,-1181.61,+2088.1
2000-08-02 09:38:00 PDT,+2392.07,-53.2395,-1242.18,-2052.91,-1185.3,+2089.39
2000-08-02 09:39:00 PDT,+2393.91,-53.0214,-1239.62,-2055.51,-1183.5,+2088.47
2000-08-02 09:40:00 PDT,+2391.45,-54.071,-1241.89,-2054.65,-1184.61,+2088.42
2000-08-02 09:41:00 PDT,+2391.45,-57.9278,-1240.71,-2059.32,-1184.49,+2086.15
2000-08-02 09:42:00 PDT,+2392.01,-60.5961,-1239.03,-2062.26,-1182.85,+2084.85
2000-08-02 09:43:00 PDT,+2391.67,-60.3552,-1239.22,-2062.09,-1183,+2084.97
2000-08-02 09:44:00 PDT,+2392.88,-59.0867,-1238.55,-2061.12,-1180.44,+2085.46
2000-08-02 09:45:00 PDT,+2391.66,-59.8254,-1240.46,-2059.65,-1180.2,+2085.57
2000-08-02 09:46:00 PDT,+2390.94,-60.7768,-1240.55,-2060.13,-1179.79,+2085.11
2000-08-02 09:47:00 PDT,+2392.09,-56.7229,-1240.79,-2057.53,-1180.01,+2086.68
2000-08-02 09:48:00 PDT,+2392.96,-54.3584,-1240.58,-2055.47,-1179.13,+2088.48
2000-08-02 09:49:00 PDT,+2394.94,-48.9144,-1240.73,-2049.53,-1176.09,+2091.19
2000-08-02 09:50:00 PDT,+2395.11,-43.7514,-1241.77,-2045.48,-1179.44,+2093.89
2000-08-02 09:51:00 PDT,+2392.98,-42.7896,-1244.44,-2043.02,-1183.07,+2094.66
2000-08-02 09:52:00 PDT,+2394.32,-41.2853,-1243.66,-2041.32,-1181.09,+2095.39
2000-08-02 09:53:00 PDT,+2397.61,-37.3949,-1241.04,-2042.27,-1180.79,+2096.32
2000-08-02 09:54:00 PDT,+2398.09,-38.0321,-1240.28,-2042.87,-1179.24,+2095.91
2000-08-02 09:55:00 PDT,+2399.12,-36.2701,-1240.2,-2041.3,-1177.96,+2096.98
2000-08-02 09:56:00 PDT,+2399.98,-36.9154,-1238.94,-2043.46,-1177.47,+2096.25
2000-08-02 09:57:00 PDT,+2397.05,-42.8302,-1239.15,-2048.05,-1178.78,+2093.44
2000-08-02 09:58:00 PDT,+2395.07,-42.8567,-1240.61,-2048.39,-1182.97,+2093.57
2000-08-02 09:59:00 PDT,+2397.16,-42.3588,-1238.85,-2049.46,-1181.23,+2093.38
2000-08-02 10:00:00 PDT,+2395.46,-46.1269,-1239.06,-2051.92,-1181.89,+2091.69
2000-08-02 10:01:00 PDT,+2392.47,-50.9284,-1240.48,-2054.61,-1183.78,+2089.18
2000-08-02 10:02:00 PDT,+2393.76,-54.5014,-1237.27,-2059.91,-1183.13,+2086.79
2000-08-02 10:03:00 PDT,+2397.52,-57.2705,-1232.32,-2063.29,-1173.19,+2085.6
2000-08-02 10:04:00 PDT,+2403.67,-51.8912,-1228.65,-2059.6,-1164.17,+2087.6
2000-08-02 10:05:00 PDT,+2402.93,-54.2889,-1228.41,-2062.16,-1164.52,+2085.98
2000-08-02 10:06:00 PDT,+2400.86,-52.7662,-1230.13,-2061.86,-1171.58,+2086.61
2000-08-02 10:07:00 PDT,+2396.66,-53.1129,-1234.49,-2058.32,-1176.22,+2087
2000-08-02 10:08:00 PDT,+2394.7,-49.91,-1236.7,-2055.42,-1182.1,+2088.94
2000-08-02 10:09:00 PDT,+2397.27,-45.2377,-1235.32,-2054.01,-1182.03,+2090.42
2000-08-02 10:10:00 PDT,+2397.72,-46.0802,-1235.04,-2053.57,-1179.69,+2090.17
2000-08-02 10:11:00 PDT,+2399,-43.3572,-1234.87,-2051.71,-1180,+2091.17
2000-08-02 10:12:00 PDT,+2398.75,-43.6921,-1234.48,-2054.52,-1183.67,+2090.56
2000-08-02 10:13:00 PDT,+2397.01,-42.5238,-1236.85,-2051.01,-1185.46,+2091.83
2000-08-02 10:14:00 PDT,+2400.6,-45.6916,-1230.54,-2059.86,-1182.2,+2088.6
2000-08-02 10:15:00 PDT,+2400.33,-45.8176,-1230.99,-2059.79,-1183.41,+2088.32
2000-08-02 10:16:00 PDT,+2397.04,-49.3131,-1232.66,-2061.3,-1186.24,+2087.03
2000-08-02 10:17:00 PDT,+2397.13,-48.9559,-1232.91,-2060,-1185,+2087.39
2000-08-02 10:18:00 PDT,+2398.44,-48.3243,-1231.85,-2060.35,-1183.69,+2087.43
2000-08-02 10:19:00 PDT,+2401.99,-44.713,-1229.27,-2059.49,-1179.67,+2088.49
2000-08-02 10:20:00 PDT,+2399.73,-44.3821,-1232.8,-2057.2,-1182.66,+2089.29
2000-08-02 10:21:00 PDT,+2402.95,-44.2251,-1229.59,-2058.57,-1176.71,+2088.12
2000-08-02 10:22:00 PDT,+2401.25,-46.9182,-1230.48,-2059.06,-1175.85,+2087.16
2000-08-02 10:23:00 PDT,+2399.12,-47.4288,-1232.41,-2058.15,-1178.65,+2087.36
2000-08-02 10:24:00 PDT,+2397.13,-47.7229,-1234.09,-2056.61,-1179.96,+2087.69
2000-08-02 10:25:00 PDT,+2391.79,-52.1481,-1237.36,-2059.09,-1186.79,+2086.07
2000-08-02 10:26:00 PDT,+2392.92,-48.9041,-1237.74,-2056.44,-1187.01,+2087.69
2000-08-02 10:27:00 PDT,+2394.39,-45.2227,-1237.73,-2053.38,-1186.98,+2089.53
2000-08-02 10:28:00 PDT,+2394.62,-47.9188,-1236.29,-2056.44,-1185.05,+2087.91
2000-08-02 10:29:00 PDT,+2395.89,-47.2838,-1235.11,-2057.8,-1185.22,+2087.47
2000-08-02 10:30:00 PDT,+2397.81,-46.4671,-1233.25,-2058.23,-1183.25,+2087.53
2000-08-02 10:31:00 PDT,+2396.33,-49.7597,-1232.97,-2061.67,-1184.92,+2085.79
2000-08-02 10:32:00 PDT,+2396.9,-43.0913,-1234.52,-2055.85,-1187.82,+2089.3
2000-08-02 10:33:00 PDT,+2399.53,-37.5152,-1233.98,-2052.19,-1188.13,+2091.86
2000-08-02 10:34:00 PDT,+2399.86,-35.5839,-1233.8,-2052.5,-1190.82,+2092.47
2000-08-02 10:35:00 PDT,+2400.77,-35.5896,-1233.36,-2050.83,-1186.41,+2092.68
2000-08-02 10:36:00 PDT,+2396.36,-44.431,-1234.23,-2057.6,-1187.81,+2088.47
2000-08-02 10:37:00 PDT,+2395.61,-47.3994,-1234.35,-2059.07,-1186.61,+2086.61
2000-08-02 10:38:00 PDT,+2396.84,-47.0323,-1233.6,-2057.93,-1182.92,+2086.84
2000-08-02 10:39:00 PDT,+2402.2,-43.5092,-1229.39,-2058.33,-1177.13,+2087.52
2000-08-02 10:40:00 PDT,+2400.25,-44.8509,-1231.36,-2058,-1178.92,+2087.6
2000-08-02 10:41:00 PDT,+2395.97,-47.5792,-1234.57,-2057.68,-1183.01,+2087.05
2000-08-02 10:42:00 PDT,+2391.7,-52.6993,-1237.14,-2058.55,-1183.68,+2085.34
2000-08-02 10:43:00 PDT,+2386.4,-54.1045,-1241.78,-2056.57,-1190.72,+2085.72
2000-08-02 10:44:00 PDT,+2386.84,-55.2753,-1240.8,-2058.89,-1190.46,+2084.51
2000-08-02 10:45:00 PDT,+2389.74,-49.9831,-1239.8,-2056.36,-1191.14,+2086.72
2000-08-02 10:46:00 PDT,+2395.29,-46.6999,-1235.87,-2055.31,-1183.37,+2087.62
2000-08-02 10:47:00 PDT,+2394.16,-47.4845,-1236.44,-2056.5,-1185.98,+2087.22
2000-08-02 10:48:00 PDT,+2396.71,-42.1845,-1235.72,-2053.04,-1185.22,+2089.6
2000-08-02 10:49:00 PDT,+2398.13,-41.8967,-1234.16,-2053.71,-1183.63,+2089.46
2000-08-02 10:50:00 PDT,+2402.34,-35.4527,-1231.74,-2050.72,-1180.02,+2091.94
2000-08-02 10:51:00 PDT,+2400.3,-34.1089,-1233.71,-2050.72,-1187.57,+2092.68
2000-08-02 10:52:00 PDT,+2400.66,-34.0655,-1233.44,-2049.39,-1185.39,+2092.92
2000-08-02 10:53:00 PDT,+2396,-40.7668,-1235.62,-2052.59,-1187.07,+2090.2
2000-08-02 10:54:00 PDT,+2399.98,-38.2581,-1232.34,-2051.52,-1179.88,+2090.87
2000-08-02 10:55:00 PDT,+2401.01,-39.863,-1230.56,-2054.51,-1178.15,+2089.59
2000-08-02 10:56:00 PDT,+2397.81,-41.3378,-1232.92,-2055.13,-1183.63,+2089.25
2000-08-02 10:57:00 PDT,+2400.36,-40.4013,-1230.14,-2056.85,-1181.29,+2089
2000-08-02 10:58:00 PDT,+2396.51,-45.0192,-1232.51,-2057.32,-1181.6,+2087.52
2000-08-02 10:59:00 PDT,+2395.19,-46.355,-1232.95,-2058.35,-1183.61,+2086.99
2000-08-02 11:00:00 PDT,+2396.61,-46.0296,-1231.34,-2059.37,-1182.6,+2086.79
2000-08-02 11:01:00 PDT,+2399.6,-42.9775,-1229.4,-2058.96,-1181.2,+2087.75
2000-08-02 11:02:00 PDT,+2401.79,-39.3449,-1228.76,-2056.16,-1179.72,+2089.45
2000-08-02 11:03:00 PDT,+2399,-40.721,-1230.93,-2054.83,-1182.02,+2089.44
2000-08-02 11:04:00 PDT,+2401.43,-42.281,-1227.56,-2057.9,-1176.64,+2087.97
2000-08-02 11:05:00 PDT,+2405.89,-36.6524,-1225.41,-2054.46,-1172.93,+2090.31
2000-08-02 11:06:00 PDT,+2405.91,-39.2376,-1224.33,-2057.55,-1171.77,+2088.73
2000-08-02 11:07:00 PDT,+2406.27,-40.7784,-1222.6,-2063,-1175.08,+2087.14
2000-08-02 11:08:00 PDT,+2400.96,-41.6575,-1227.91,-2058.48,-1179.71,+2088.19
2000-08-02 11:09:00 PDT,+2401.24,-40.8518,-1227.75,-2058.83,-1181.19,+2088.4
2000-08-02 11:10:00 PDT,+2398.9,-42.7917,-1229.34,-2059.08,-1183.03,+2087.83
2000-08-02 11:11:00 PDT,+2396.58,-43.0501,-1231.95,-2055.99,-1183.91,+2088.52
2000-08-02 11:12:00 PDT,+2400.74,-41.5441,-1228.41,-2057.1,-1178.62,+2088.47
2000-08-02 11:13:00 PDT,+2398.07,-44.2628,-1229.96,-2058.36,-1181.13,+2087.47
2000-08-02 11:14:00 PDT,+2398.16,-42.9731,-1230.4,-2056.98,-1181.74,+2088.21
2000-08-02 11:15:00 PDT,+2398.72,-40.8226,-1231.07,-2053.2,-1179.72,+2089.67
2000-08-02 11:16:00 PDT,+2397.53,-41.7443,-1231.91,-2053.3,-1180.74,+2089.43
2000-08-02 11:17:00 PDT,+2405.08,-37.7125,-1225.7,-2055.51,-1174.06,+2089.8
2000-08-02 11:18:00 PDT,+2403.83,-40.4872,-1226.18,-2055.97,-1171.95,+2088.77
2000-08-02 11:19:00 PDT,+2397.85,-47.6525,-1229.39,-2059.38,-1176.02,+2085.98
2000-08-02 11:20:00 PDT,+2400.68,-44.5108,-1227.66,-2059.08,-1175.56,+2086.64
2000-08-02 11:21:00 PDT,+2399.53,-46.9274,-1228,-2060.1,-1174.67,+2085.64
2000-08-02 11:22:00 PDT,+2401.1,-47.7255,-1225.68,-2064.1,-1174.67,+2084.46
2000-08-02 11:23:00 PDT,+2398.45,-46.3008,-1229.39,-2058.2,-1175.93,+2086.36
2000-08-02 11:24:00 PDT,+2398.42,-46.3643,-1229,-2060.13,-1178.4,+2086.01
2000-08-02 11:25:00 PDT,+2394.65,-48.1998,-1232.1,-2059.1,-1182.14,+2085.87
2000-08-02 11:26:00 PDT,+2390.8,-49.8944,-1236.03,-2055.55,-1182.62,+2086.22
2000-08-02 11:27:00 PDT,+2390.3,-50.7702,-1236.14,-2056.44,-1183.16,+2085.77
2000-08-02 11:28:00 PDT,+2386.52,-51.7436,-1239.2,-2056.46,-1190.18,+2085.77
2000-08-02 11:29:00 PDT,+2387.22,-49.5928,-1239.59,-2053.47,-1188.99,+2087.08
2000-08-02 11:30:00 PDT,+2391.27,-45.8582,-1236.95,-2052.79,-1186.25,+2088.23
2000-08-02 11:31:00 PDT,+2392.54,-44.8359,-1236.81,-2049.81,-1182.15,+2089.06
2000-08-02 11:32:00 PDT,+2393.39,-40.9078,-1237.59,-2045.75,-1182.83,+2091.25
2000-08-02 11:33:00 PDT,+2396.73,-46.2812,-1231.75,-2054.62,-1176.07,+2087.22
2000-08-02 11:34:00 PDT,+2397.38,-45.4348,-1231.41,-2054.43,-1176.06,+2087.51
2000-08-02 11:35:00 PDT,+2400.7,-49.7893,-1225.78,-2063.49,-1170.57,+2083.78
2000-08-02 11:36:00 PDT,+2400.58,-50.8796,-1225.45,-2064.72,-1170.24,+2083.16
2000-08-02 11:37:00 PDT,+2403.09,-45.9344,-1225.47,-2058.44,-1166.07,+2085.91
2000-08-02 11:38:00 PDT,+2402.65,-48.2983,-1225.16,-2059.69,-1163.9,+2084.78
2000-08-02 11:39:00 PDT,+2394.85,-53.7928,-1230.83,-2059.56,-1170.76,+2083.52
2000-08-02 11:40:00 PDT,+2390.51,-52.5833,-1235.37,-2056.43,-1179.32,+2085.06
2000-08-02 11:41:00 PDT,+2387.26,-57.684,-1236.35,-2060.41,-1181.55,+2082.93
2000-08-02 11:42:00 PDT,+2379.81,-62.7198,-1241.62,-2062.3,-1192.05,+2081.43
2000-08-02 11:43:00 PDT,+2385.45,-55.0707,-1238.8,-2059.4,-1190.84,+2084.36
2000-08-02 11:44:00 PDT,+2386.87,-49.447,-1240.46,-2049.95,-1186.46,+2088.12
2000-08-02 11:45:00 PDT,+2386.84,-53.4969,-1239.31,-2052.17,-1181.02,+2086.12
2000-08-02 11:46:00 PDT,+2389.87,-50.4417,-1238.21,-2048.94,-1175.75,+2087.27
2000-08-02 11:47:00 PDT,+2389.44,-52.2871,-1237.58,-2051.45,-1175.43,+2086.11
2000-08-02 11:48:00 PDT,+2395.78,-45.6656,-1233.81,-2049.4,-1171.53,+2088.39
2000-08-02 11:49:00 PDT,+2399.24,-43.668,-1231.57,-2047.42,-1164.82,+2089.11
2000-08-02 11:50:00 PDT,+2400.22,-42.0252,-1230.74,-2048.9,-1167.84,+2089.44
2000-08-02 11:51:00 PDT,+2396.56,-44.1917,-1233.61,-2048.16,-1171.11,+2089.14
2000-08-02 11:52:00 PDT,+2396.55,-42.0512,-1234.58,-2045.15,-1171.43,+2090.54
2000-08-02 11:53:00 PDT,+2390.86,-51.0061,-1236.31,-2051.78,-1175.57,+2086.46
2000-08-02 11:54:00 PDT,+2384.43,-57.2306,-1239.61,-2057.06,-1184.9,+2083.75
2000-08-02 11:55:00 PDT,+2385.43,-61.1701,-1236.83,-2062.95,-1182.14,+2081.03
2000-08-02 11:56:00 PDT,+2381.36,-61.8055,-1240.96,-2059.11,-1185.21,+2081.9
2000-08-02 11:57:00 PDT,+2376.2,-70.0034,-1242.98,-2063.26,-1185.57,+2078.49
2000-08-02 11:58:00 PDT,+2381.94,-64.4852,-1239.4,-2062.02,-1182.01,+2080.25
2000-08-02 11:59:00 PDT,+2384.68,-57.7909,-1240.15,-2052.35,-1176.52,+2084.6
2000-08-02 12:00:00 PDT,+2388.9,-54.8756,-1237.49,-2050.16,-1169.82,+2085.64
2000-08-02 12:01:00 PDT,+2394.78,-52.3375,-1232.34,-2053.47,-1165.65,+2085.39
2000-08-02 12:02:00 PDT,+2400.03,-47.6693,-1228.92,-2052.55,-1161.7,+2086.79
2000-08-02 12:03:00 PDT,+2395.9,-50.145,-1232.03,-2052.27,-1165.9,+2086.37
2000-08-02 12:04:00 PDT,+2397.02,-42.3392,-1234.38,-2042.94,-1167.02,+2090.7
2000-08-02 12:05:00 PDT,+2395.72,-48.0939,-1233.36,-2048.52,-1165.71,+2087.55
2000-08-02 12:06:00 PDT,+2389.56,-51.9308,-1238.11,-2047.31,-1170.79,+2086.98
2000-08-02 12:07:00 PDT,+2392.34,-44.295,-1238.26,-2042.58,-1173.41,+2090.52
2000-08-02 12:08:00 PDT,+2386.02,-46.0846,-1243.92,-2039.37,-1180.47,+2091.09
2000-08-02 12:09:00 PDT,+2375.03,-62.5565,-1247.97,-2051.22,-1187.87,+2083.67
2000-08-02 12:10:00 PDT,+2392.46,-61.5564,-1246.19,-2051.83,-1184.73,+2084.32
2000-08-02 12:11:00 PDT,+2395.22,-61.6265,-1243.12,-2054.26,-1181.53,+2083.56
2000-08-02 12:12:00 PDT,+2397.59,-67.5313,-1238.61,-2061.37,-1173,+2079.69
2000-08-02 12:13:00 PDT,+2403,-67.8174,-1233.44,-2064.75,-1164.94,+2078.34
2000-08-02 12:14:00 PDT,+2405.76,-56.8224,-1235.05,-2054.29,-1167.94,+2083.68
2000-08-02 12:15:00 PDT,+2403.94,-52.1274,-1238.81,-2047.31,-1172.71,+2087.01
2000-08-02 12:16:00 PDT,+2404.31,-55.9688,-1237.77,-2047.38,-1163.94,+2085.35
2000-08-02 12:17:00 PDT,+2403.59,-51.4648,-1239.72,-2043.9,-1169.56,+2087.84
2000-08-02 12:18:00 PDT,+2400.93,-56.1964,-1240.25,-2048.29,-1171.84,+2085.49
2000-08-02 12:19:00 PDT,+2403.35,-52.3142,-1239.22,-2046.74,-1172.36,+2087.05
2000-08-02 12:20:00 PDT,+2402.28,-50.9985,-1240.68,-2045.23,-1175.55,+2087.93
2000-08-02 12:21:00 PDT,+2399.37,-54.2068,-1243.05,-2043.78,-1174.93,+2087.29
2000-08-02 12:22:00 PDT,+2398.9,-53.8881,-1243.76,-2043.4,-1177.12,+2087.59
2000-08-02 12:23:00 PDT,+2395.69,-58.4491,-1244.78,-2047.62,-1180.72,+2085.43
2000-08-02 12:24:00 PDT,+2395,-62.8108,-1243.27,-2054.47,-1182.34,+2082.57
2000-08-02 12:25:00 PDT,+2393.22,-58.1238,-1246.48,-2049.14,-1188.34,+2085.52
2000-08-02 12:26:00 PDT,+2394.97,-56.3591,-1245.61,-2047.01,-1184.16,+2086.37
2000-08-02 12:27:00 PDT,+2400.59,-59.2487,-1238.95,-2054.01,-1174.17,+2083.37
2000-08-02 12:28:00 PDT,+2404.28,-59.2515,-1236.49,-2050.58,-1160.74,+2083.41
2000-08-02 12:29:00 PDT,+2401.28,-61.1457,-1238.67,-2050.43,-1163.46,+2083.04
2000-08-02 12:30:00 PDT,+2404.43,-61.2454,-1235.28,-2053.63,-1160.03,+2082.07
2000-08-02 12:31:00 PDT,+2405.83,-62.6279,-1232.57,-2059.61,-1161.77,+2080.66
2000-08-02 12:32:00 PDT,+2402.03,-57.5067,-1238.68,-2049.81,-1168.4,+2084.87
2000-08-02 12:33:00 PDT,+2394.53,-58.9977,-1245.64,-2045.18,-1176.89,+2085.95
2000-08-02 12:34:00 PDT,+2393.49,-58.525,-1246.82,-2044.46,-1179.45,+2086.06
2000-08-02 12:35:00 PDT,+2396.03,-56.6816,-1244.72,-2045.94,-1179.34,+2086.27
2000-08-02 12:36:00 PDT,+2390.65,-65.4942,-1246.71,-2051.05,-1180.47,+2082.45
2000-08-02 12:37:00 PDT,+2393.69,-60.7122,-1246.11,-2045.1,-1175.42,+2085.04
2000-08-02 12:38:00 PDT,+2394.64,-59.2447,-1245.1,-2047.86,-1179.91,+2085.07
2000-08-02 12:39:00 PDT,+2395.13,-59.4464,-1244.8,-2047.21,-1177.45,+2085.04
2000-08-02 12:40:00 PDT,+2401.63,-51.3561,-1241.6,-2042.96,-1173.32,+2088.27
2000-08-02 12:41:00 PDT,+2397.87,-51.6713,-1245.29,-2040.79,-1178.61,+2088.97
2000-08-02 12:42:00 PDT,+2402.16,-57.0524,-1238.66,-2051.14,-1171,+2084.52
2000-08-02 12:43:00 PDT,+2403.91,-52.4502,-1239.53,-2043.45,-1166.2,+2087.43
2000-08-02 12:44:00 PDT,+2406.52,-51.451,-1238.07,-2040.38,-1157.95,+2087.98
2000-08-02 12:45:00 PDT,+2400.7,-59.5454,-1240.63,-2044.82,-1160.57,+2084.62
2000-08-02 12:46:00 PDT,+2397.6,-58.8495,-1243.56,-2044.22,-1168.3,+2085.42
2000-08-02 12:47:00 PDT,+2396.06,-60.1889,-1244.58,-2044.26,-1169.12,+2085.08
2000-08-02 12:48:00 PDT,+2388.7,-68.2555,-1247.69,-2052.82,-1180.98,+2081.25
2000-08-02 12:49:00 PDT,+2392.89,-60.4009,-1247.07,-2045.94,-1179.33,+2085.15
2000-08-02 12:50:00 PDT,+2390.35,-64.2963,-1248.55,-2049.48,-1181.73,+2083.88
2000-08-02 12:51:00 PDT,+2389.72,-68.7631,-1247.78,-2051.75,-1176.94,+2081.74
2000-08-02 12:52:00 PDT,+2384.64,-67.3733,-1253.29,-2046.68,-1185.17,+2083.79
2000-08-02 12:53:00 PDT,+2390.98,-61.7114,-1250.29,-2041.95,-1176.38,+2086.38
2000-08-02 12:54:00 PDT,+2394.87,-60.2851,-1247.78,-2039.4,-1166.71,+2086.84
2000-08-02 12:55:00 PDT,+2399.53,-56.2114,-1244.35,-2040.42,-1165.38,+2088.08
2000-08-02 12:56:00 PDT,+2403.29,-54.1974,-1242.28,-2035.92,-1154.53,+2089.6
2000-08-02 12:57:00 PDT,+2399.54,-52.8022,-1246.08,-2033.89,-1163.6,+2091.22
2000-08-02 12:58:00 PDT,+2403.06,-57.7449,-1240.69,-2041.4,-1154.87,+2088.01
2000-08-02 12:59:00 PDT,+2400.75,-53.3058,-1245,-2034.18,-1160.97,+2091.45
2000-08-02 13:00:00 PDT,+2397.2,-55.5381,-1248.72,-2032.22,-1161.33,+2090.96
2000-08-02 13:01:00 PDT,+2392.34,-59.6099,-1252.64,-2028.55,-1159.33,+2090.72
2000-08-02 13:02:00 PDT,+2389.12,-62.6437,-1253.8,-2034.17,-1167.87,+2088.74
2000-08-02 13:03:00 PDT,+2382.27,-72.7656,-1256.33,-2040.6,-1171.03,+2084.38
2000-08-02 13:04:00 PDT,+2387.17,-65.8527,-1254,-2037.17,-1169.42,+2088.08
2000-08-02 13:05:00 PDT,+2393.02,-60.1556,-1250.15,-2038.29,-1170.08,+2089.38
2000-08-02 13:06:00 PDT,+2391.82,-59.76,-1251.41,-2037.56,-1172.96,+2089.59
2000-08-02 13:07:00 PDT,+2401.55,-57.0406,-1241.7,-2044.72,-1164.6,+2088.8
2000-08-02 13:08:00 PDT,+2403.12,-58.1871,-1240.59,-2045.35,-1158.84,+2087.67
2000-08-02 13:09:00 PDT,+2407.32,-54.0978,-1237.74,-2044.76,-1155.73,+2088.83
2000-08-02 13:10:00 PDT,+2406,-52.1624,-1240.69,-2040.22,-1157.35,+2090.28
2000-08-02 13:11:00 PDT,+2394.58,-62.4337,-1248.64,-2041.2,-1166.71,+2087.8
2000-08-02 13:12:00 PDT,+2393.8,-61.1613,-1251.07,-2034.26,-1162.96,+2089.55
2000-08-02 13:13:00 PDT,+2389.49,-67.3415,-1253.53,-2035.83,-1163.76,+2087.43
2000-08-02 13:14:00 PDT,+2385.51,-76.1434,-1254.57,-2041.01,-1163.08,+2083.5
2000-08-02 13:15:00 PDT,+2384.26,-80.1092,-1253.81,-2045.07,-1163.04,+2081.34
2000-08-02 13:16:00 PDT,+2386.82,-84.2241,-1249.55,-2052.3,-1157.83,+2078.06
2000-08-02 13:17:00 PDT,+2392.42,-76.0236,-1247.7,-2046.88,-1155.55,+2081.67
2000-08-02 13:18:00 PDT,+2393.77,-69.1846,-1249.71,-2039.66,-1156.93,+2085.53
2000-08-02 13:19:00 PDT,+2388.43,-74.282,-1253.49,-2041.79,-1162.15,+2083.82
2000-08-02 13:20:00 PDT,+2381.58,-74.082,-1261.02,-2036.15,-1172.49,+2085.87
2000-08-02 13:21:00 PDT,+2382.64,-69.8954,-1261.29,-2033.85,-1175.75,+2088.38
2000-08-02 13:22:00 PDT,+2382.69,-70.604,-1260.52,-2035.89,-1177.03,+2087.76
2000-08-02 13:23:00 PDT,+2398.67,-47.9183,-1253.76,-2022.98,-1169.04,+2096.93
2000-08-02 13:24:00 PDT,+2401.97,-46.4002,-1251.22,-2023.13,-1164.47,+2097.37
2000-08-02 13:25:00 PDT,+2401.79,-47.874,-1252.46,-2020.9,-1159.83,+2097.44
2000-08-02 13:26:00 PDT,+2400.75,-51.6089,-1251.96,-2024.24,-1160.15,+2095.53
2000-08-02 13:27:00 PDT,+2390.1,-62.5197,-1258.77,-2027.54,-1169.15,+2092
2000-08-02 13:28:00 PDT,+2375.29,-82.4577,-1265.23,-2040.14,-1178.73,+2083.41
2000-08-02 13:29:00 PDT,+2367.47,-94.4516,-1267.76,-2051.57,-1185.59,+2077.45
2000-08-02 13:30:00 PDT,+2386.64,-98.2815,-1261.94,-2058.55,-1177.55,+2074.8
2000-08-02 13:31:00 PDT,+2394.61,-88.3748,-1259.82,-2047.12,-1165.64,+2079.96
2000-08-02 13:32:00 PDT,+2401.22,-83.5544,-1256.16,-2042.59,-1155.23,+2081.99
2000-08-02 13:33:00 PDT,+2401.51,-83.6037,-1254.93,-2043.7,-1155.41,+2081.97
2000-08-02 13:34:00 PDT,+2416.28,-68.1911,-1246.56,-2035.96,-1143.36,+2088.7
2000-08-02 13:35:00 PDT,+2415.36,-73.6604,-1245.86,-2041.43,-1144.57,+2086.14
2000-08-02 13:36:00 PDT,+2413.96,-76.4201,-1245.62,-2047.42,-1148.81,+2084.25
2000-08-02 13:37:00 PDT,+2412.99,-77.7538,-1247.11,-2045.74,-1146.09,+2084.37
2000-08-02 13:38:00 PDT,+2411.71,-81.1153,-1247.51,-2048.2,-1144.52,+2082.7
2000-08-02 13:39:00 PDT,+2404.82,-82.5237,-1254.19,-2044.95,-1155.6,+2084.12
2000-08-02 13:40:00 PDT,+2402.26,-78.2543,-1259.08,-2036.22,-1157.61,+2087.59
2000-08-02 13:41:00 PDT,+2400.38,-81.7,-1259.71,-2040.62,-1161.3,+2085.49
2000-08-02 13:42:00 PDT,+2395.39,-88.4959,-1263.76,-2040.34,-1161.55,+2084.12
2000-08-02 13:43:00 PDT,+2399.05,-83.2775,-1262.87,-2036.11,-1158.21,+2086.68
2000-08-02 13:44:00 PDT,+2393.39,-85.0406,-1267.54,-2033.06,-1161.41,+2087.35
2000-08-02 13:45:00 PDT,+2392.47,-81.1715,-1270.86,-2023.78,-1159,+2091.33
2000-08-02 13:46:00 PDT,+2388.04,-78.9671,-1277.18,-2015.76,-1163.69,+2094.19
2000-08-02 13:47:00 PDT,+2387.75,-90.668,-1272.71,-2032,-1162.52,+2087.4
2000-08-02 13:48:00 PDT,+2395.85,-82.57,-1269.09,-2029.99,-1157.49,+2090.3
2000-08-02 13:49:00 PDT,+2404.34,-73.4013,-1264.95,-2023.22,-1147.22,+2094.17
2000-08-02 13:50:00 PDT,+2404.76,-76.277,-1263.16,-2025.86,-1141.98,+2091.99
2000-08-02 13:51:00 PDT,+2405.12,-79.5368,-1262.59,-2029.21,-1141.78,+2089.9
2000-08-02 13:52:00 PDT,+2396.57,-88.2561,-1269.1,-2029.64,-1147.26,+2086.98
2000-08-02 13:53:00 PDT,+2391.06,-90.2425,-1273.83,-2027.61,-1154.78,+2087.72
2000-08-02 13:54:00 PDT,+2391.32,-87.7673,-1275.46,-2026.84,-1160.3,+2088.93
2000-08-02 13:55:00 PDT,+2391.33,-80.1274,-1278.76,-2016.8,-1164.72,+2094.18
2000-08-02 13:56:00 PDT,+2389.94,-83.4835,-1279.52,-2018.7,-1163.81,+2092.43
2000-08-02 13:57:00 PDT,+2390.06,-83.8317,-1279.15,-2020.2,-1163.58,+2091.94
2000-08-02 13:58:00 PDT,+2389.94,-80.8734,-1280.68,-2016.07,-1162.56,+2093.75
2000-08-02 13:59:00 PDT,+2396.49,-81.2953,-1273.75,-2021.75,-1152.11,+2091.55
2000-08-02 14:00:00 PDT,+2368.61,-107.244,-1291.49,-2011.83,-1145.97,+2085.14
2000-08-02 14:01:00 PDT,+2376.19,-110.229,-1298.32,-2007.16,-1151.25,+2085.98
2000-08-02 14:02:00 PDT,+2377.6,-109.27,-1297.58,-2007.1,-1149.79,+2086.25
2000-08-02 14:03:00 PDT,+2374.9,-110.955,-1299.97,-2004.84,-1148.75,+2086.67
2000-08-02 14:04:00 PDT,+2385.42,-90.8888,-1297.92,-1990.63,-1150.39,+2096.42
2000-08-02 14:05:00 PDT,+2392.11,-82.7253,-1293.55,-1993.09,-1155.95,+2099.06
2000-08-02 14:06:00 PDT,+2392.9,-89.0817,-1290.27,-2006.62,-1159.28,+2093.69
2000-08-02 14:07:00 PDT,+2407.28,-79.6593,-1279.92,-2012.03,-1153.27,+2095.46
2000-08-02 14:08:00 PDT,+2412.07,-86.3525,-1270.88,-2029.35,-1148.98,+2088.85
2000-08-02 14:09:00 PDT,+2410.78,-79.3006,-1274.67,-2019.29,-1150.83,+2093.55
2000-08-02 14:10:00 PDT,+2409.74,-72.9186,-1277.24,-2014.19,-1158.21,+2097.81
2000-08-02 14:11:00 PDT,+2413.13,-75.3239,-1273.33,-2018.78,-1151.9,+2095.75
2000-08-02 14:12:00 PDT,+2413.21,-70.412,-1275.02,-2015.13,-1157.33,+2098.56
2000-08-02 14:13:00 PDT,+2412.5,-68.6158,-1276.66,-2011.8,-1159.16,+2100.63
2000-08-02 14:14:00 PDT,+2418.1,-70.0027,-1271.66,-2013.61,-1147.32,+2099.19
2000-08-02 14:15:00 PDT,+2418.99,-71.5581,-1270.7,-2013.91,-1142.89,+2098.62
2000-08-02 14:16:00 PDT,+2414.83,-81.01,-1272.3,-2015.97,-1135.86,+2094.59
2000-08-02 14:17:00 PDT,+2405.98,-88.5173,-1278.36,-2014.97,-1140.27,+2092.35
2000-08-02 14:18:00 PDT,+2400.93,-92.2004,-1282.42,-2010.17,-1138.07,+2092.05
2000-08-02 14:19:00 PDT,+2398.72,-89.6769,-1284.48,-2006.77,-1142.01,+2094.23
2000-08-02 14:20:00 PDT,+2388.71,-96.9031,-1291.1,-2011.99,-1155.96,+2090.93
2000-08-02 14:21:00 PDT,+2388.47,-96.8804,-1292.4,-2006.92,-1152.86,+2091.88
2000-08-02 14:22:00 PDT,+2396.43,-88.2079,-1287.96,-2007.17,-1153.02,+2094.82
2000-08-02 14:23:00 PDT,+2397.7,-83.2959,-1289.38,-2003.66,-1155.99,+2097.66
2000-08-02 14:24:00 PDT,+2405.22,-76.6136,-1284.21,-2006.48,-1156.5,+2098.81
2000-08-02 14:25:00 PDT,+2398.62,-84.2085,-1289.39,-1998.47,-1149.23,+2097.82
2000-08-02 14:26:00 PDT,+2395.76,-83.8443,-1294.13,-1989.47,-1146.16,+2099.44
2000-08-02 14:27:00 PDT,+2397.59,-77.4638,-1302.24,-1993.49,-1142.66,+2103.35
2000-08-02 14:28:00 PDT,+2394.41,-78.7839,-1304.49,-1989.84,-1141.3,+2103.34
2000-08-02 14:29:00 PDT,+2384.78,-94.0861,-1306.72,-2006.84,-1154.48,+2095.59
2000-08-02 14:30:00 PDT,+2372.2,-109.684,-1313.45,-2005.45,-1145.67,+2090.26
2000-08-02 14:31:00 PDT,+2382.5,-121.918,-1312.09,-2023.31,-1154.94,+2083.57
2000-08-02 14:32:00 PDT,+2380.92,-127.986,-1312.03,-2029.85,-1155.34,+2080.34
2000-08-02 14:33:00 PDT,+2380.91,-132.824,-1309.44,-2039.53,-1159.98,+2077.01
2000-08-02 14:34:00 PDT,+2396.44,-116.612,-1300.5,-2037.45,-1156.89,+2082.76
2000-08-02 14:35:00 PDT,+2414.54,-100.151,-1288.95,-2037.77,-1150.72,+2087.82
2000-08-02 14:36:00 PDT,+2421.5,-95.6295,-1283.27,-2043.4,-1151.66,+2088.01
2000-08-02 14:37:00 PDT,+2427.26,-92.0746,-1277.07,-2048.19,-1150.83,+2087.65
2000-08-02 14:38:00 PDT,+2415.79,-86.564,-1276.2,-2042.74,-1146.86,+2089.96
2000-08-02 14:39:00 PDT,+2411.54,-88.9573,-1278.45,-2044.76,-1152.58,+2088.89
2000-08-02 14:40:00 PDT,+2389.67,-100.695,-1298.32,-2018.57,-1143.46,+2090.54
2000-08-02 14:41:00 PDT,+2386.72,-95.6483,-1303,-2010.89,-1149.46,+2094.55
2000-08-02 14:42:00 PDT,+2390.44,-94.3384,-1298.57,-2014.21,-1147.56,+2093.71
2000-08-02 14:43:00 PDT,+2393.62,-92.6422,-1296.18,-2014.72,-1145.58,+2094
2000-08-02 14:44:00 PDT,+2399.52,-82.1158,-1294.84,-2004.82,-1140.02,+2099.01
2000-08-02 14:45:00 PDT,+2379.22,-101.317,-1308.04,-2001.76,-1140.62,+2092.98
2000-08-02 14:46:00 PDT,+2390.47,-93.9569,-1298.48,-2012.54,-1144.97,+2093.15
2000-08-02 14:47:00 PDT,+2389.4,-97.546,-1297.8,-2017.06,-1146.4,+2091.19
2000-08-02 14:48:00 PDT,+2383.09,-103.882,-1300.78,-2023.39,-1156.97,+2088.71
2000-08-02 14:49:00 PDT,+2385.01,-101.188,-1299.29,-2026.64,-1160.86,+2088.44
2000-08-02 14:50:00 PDT,+2394.98,-98.7085,-1291.16,-2032.9,-1148.94,+2087.95
2000-08-02 14:51:00 PDT,+2410.46,-81.0061,-1282.67,-2028.72,-1147.23,+2094.19
2000-08-02 14:52:00 PDT,+2414.19,-79.7953,-1278.23,-2031.58,-1143.17,+2093.89
2000-08-02 14:53:00 PDT,+2415.19,-82.3601,-1274.98,-2040.47,-1145.54,+2090.63
2000-08-02 14:54:00 PDT,+2412.95,-79.5783,-1276.89,-2039.75,-1154.28,+2092.43
2000-08-02 14:55:00 PDT,+2407.8,-86.589,-1279.68,-2039.67,-1152.22,+2090.17
2000-08-02 14:56:00 PDT,+2408.45,-85.7692,-1280.01,-2034.38,-1146.8,+2091.45
2000-08-02 14:57:00 PDT,+2408,-86.1561,-1281.37,-2031.71,-1146.33,+2091.37
2000-08-02 14:58:00 PDT,+2405.68,-78.9723,-1286.69,-2021.48,-1153.96,+2096.22
2000-08-02 14:59:00 PDT,+2404.37,-80.0275,-1287.09,-2023.22,-1156.47,+2095.09
2000-08-02 15:00:00 PDT,+2403.24,-79.0624,-1288.53,-2020.55,-1156.89,+2096.31
2000-08-02 15:01:00 PDT,+2398.28,-85.4995,-1290.42,-2023.31,-1156.4,+2093.4
2000-08-02 15:02:00 PDT,+2399.42,-84.1203,-1289.82,-2021.26,-1154.06,+2093.8
2000-08-02 15:03:00 PDT,+2402.53,-84.6624,-1286.39,-2026.84,-1154.15,+2091.78
2000-08-02 15:04:00 PDT,+2412.04,-77.7039,-1278.9,-2031.8,-1152.31,+2092.89
2000-08-02 15:05:00 PDT,+2416.82,-69.7429,-1276.41,-2030.78,-1154.9,+2095.48
2000-08-02 15:06:00 PDT,+2424.27,-64.2914,-1270.74,-2034.93,-1154.21,+2096.15
2000-08-02 15:07:00 PDT,+2420.97,-66.5043,-1272.38,-2038.61,-1161.31,+2094.82
2000-08-02 15:08:00 PDT,+2417.71,-74.2318,-1271.76,-2048.96,-1166.15,+2090.44
2000-08-02 15:09:00 PDT,+2415.9,-69.4696,-1275.35,-2044.01,-1172.47,+2093.42
2000-08-02 15:10:00 PDT,+2414.62,-75.242,-1273.41,-2051.17,-1173.53,+2089.43
2000-08-02 15:11:00 PDT,+2414.79,-69.0895,-1275.62,-2045.11,-1174.84,+2092.82
2000-08-02 15:12:00 PDT,+2417.64,-68.9188,-1273.23,-2046.94,-1172.04,+2091.97
2000-08-02 15:13:00 PDT,+2418.49,-67.4967,-1272.56,-2045.59,-1170.94,+2092.64
2000-08-02 15:14:00 PDT,+2413.26,-77.7935,-1274.22,-2050.23,-1169.4,+2088.36
2000-08-02 15:15:00 PDT,+2404.81,-79.1805,-1285.53,-2021.43,-1150.06,+2093.24
2000-08-02 15:16:00 PDT,+2403.14,-84.2702,-1284.62,-2026.65,-1150.57,+2090.18
2000-08-02 15:17:00 PDT,+2404.14,-84.7426,-1282,-2031.9,-1152.26,+2088.45
2000-08-02 15:18:00 PDT,+2405.3,-83.0698,-1281.57,-2031.49,-1153.76,+2088.84
2000-08-02 15:19:00 PDT,+2407.48,-73.8096,-1282.11,-2024.09,-1157.71,+2093.61
2000-08-02 15:20:00 PDT,+2409.05,-70.2457,-1280.33,-2028.97,-1165.33,+2094.08
2000-08-02 15:21:00 PDT,+2412.43,-70.3306,-1275.87,-2037.84,-1167.8,+2092.13
2000-08-02 15:22:00 PDT,+2413.25,-70.4447,-1275.97,-2036.46,-1164.19,+2092.5
2000-08-02 15:23:00 PDT,+2414.1,-68.2457,-1274.08,-2042.23,-1174.19,+2092.15
2000-08-02 15:24:00 PDT,+2420.01,-67.2269,-1267.63,-2049.13,-1170.71,+2090.96
2000-08-02 15:25:00 PDT,+2404.7,-77.1074,-1281.23,-2037.95,-1172.92,+2089.83
2000-08-02 15:26:00 PDT,+2405.33,-75.8912,-1280.21,-2037.69,-1173.22,+2090.57
2000-08-02 15:27:00 PDT,+2408.23,-74.7314,-1278.6,-2035.99,-1166.47,+2090.6
2000-08-02 15:28:00 PDT,+2409.44,-78.0493,-1275.99,-2041.08,-1162.48,+2087.83
2000-08-02 15:29:00 PDT,+2408.6,-76.4745,-1277.68,-2037.75,-1161.27,+2089.01
2000-08-02 15:30:00 PDT,+2385.48,-98.6455,-1292.68,-2029.54,-1154.92,+2084.04
2000-08-02 15:31:00 PDT,+2394.44,-96.6541,-1283.82,-2037.34,-1149.37,+2082.23
2000-08-02 15:32:00 PDT,+2384.56,-98.8947,-1292.31,-2029.84,-1157.23,+2083.54
2000-08-02 15:33:00 PDT,+2379.62,-98.1059,-1297.14,-2024.15,-1162.04,+2085.78
2000-08-02 15:34:00 PDT,+2386.52,-92.7523,-1292.62,-2022.98,-1157.22,+2087.64
2000-08-02 15:35:00 PDT,+2385.23,-85.7018,-1297.16,-2009.11,-1157.21,+2092.36
2000-08-02 15:36:00 PDT,+2396.23,-79.5203,-1288.59,-2011.92,-1147.64,+2093.11
2000-08-02 15:37:00 PDT,+2395.53,-82.0286,-1288.4,-2015.11,-1149.05,+2091.74
2000-08-02 15:38:00 PDT,+2397.64,-83.3669,-1284.89,-2021.44,-1149.07,+2089.58
2000-08-02 15:39:00 PDT,+2393.6,-88.7178,-1286.72,-2025.83,-1152.11,+2086.91
2000-08-02 15:40:00 PDT,+2371.53,-103.318,-1304.53,-2010.15,-1150.33,+2085.58
2000-08-02 15:41:00 PDT,+2389.18,-95.7344,-1304.2,-2005.68,-1155.12,+2089.62
2000-08-02 15:42:00 PDT,+2392.77,-93.305,-1301,-2010.25,-1157.05,+2089.43
2000-08-02 15:43:00 PDT,+2398.24,-91.9315,-1296.3,-2015.96,-1154.86,+2088.99
2000-08-02 15:44:00 PDT,+2396.74,-96.3541,-1295.67,-2021.94,-1157.53,+2086.51
2000-08-02 15:45:00 PDT,+2406.5,-93.0953,-1287.47,-2027.82,-1150.5,+2085.79
2000-08-02 15:46:00 PDT,+2417.4,-89.2216,-1277.4,-2040.42,-1152.46,+2084.77
2000-08-02 15:47:00 PDT,+2430.49,-78.3991,-1268.9,-2039.52,-1142.83,+2087.7
2000-08-02 15:48:00 PDT,+2412.17,-77.5792,-1272.46,-2034.88,-1147.42,+2089.07
2000-08-02 15:49:00 PDT,+2408.75,-82.8742,-1273.93,-2035.96,-1147.73,+2087.24
2000-08-02 15:50:00 PDT,+2410.89,-77.3022,-1273.78,-2033.13,-1149.16,+2089.09
2000-08-02 15:51:00 PDT,+2401.17,-83.3341,-1281.36,-2033.31,-1159.61,+2087.67
2000-08-02 15:52:00 PDT,+2399.26,-90.3038,-1279.25,-2044.19,-1161.77,+2083.19
2000-08-02 15:53:00 PDT,+2397.3,-93.4719,-1279.84,-2046.65,-1162.68,+2081.72
2000-08-02 15:54:00 PDT,+2395.29,-95.272,-1281.41,-2041.9,-1156.42,+2082.34
2000-08-02 15:55:00 PDT,+2363.1,-124.237,-1305.09,-2020.61,-1139.21,+2077.25
2000-08-02 15:56:00 PDT,+2369.91,-126.049,-1314.26,-2004.79,-1144.17,+2093.16
2000-08-02 15:57:00 PDT,+2386.91,-126.399,-1312.07,-2006.81,-1141.82,+2093
2000-08-02 15:58:00 PDT,+2391.48,-127.913,-1307.49,-2012.85,-1137.27,+2091.05
2000-08-02 15:59:00 PDT,+2401.13,-118.434,-1301.78,-2013.52,-1136.2,+2093.92
2000-08-02 16:00:00 PDT,+2409.28,-103.725,-1298.57,-2013.56,-1149.98,+2099.75
2000-08-02 16:01:00 PDT,+2415.5,-101.299,-1292.43,-2022.95,-1151.22,+2098.12
2000-08-02 16:02:00 PDT,+2416.4,-100.251,-1291.09,-2026.83,-1156.38,+2097.36
2000-08-02 16:03:00 PDT,+2422.18,-95.9384,-1286.69,-2026.93,-1151.69,+2098.61
2000-08-02 16:04:00 PDT,+2422.68,-94.5292,-1285.65,-2029.44,-1155.47,+2098.22
2000-08-02 16:05:00 PDT,+2424.53,-97.9529,-1282.74,-2032.99,-1149.25,+2095.95
2000-08-02 16:06:00 PDT,+2405.91,-101.14,-1284.7,-2034.94,-1152.84,+2094.56
2000-08-02 16:07:00 PDT,+2405.98,-102.938,-1283.7,-2039.91,-1154.99,+2093.02
2000-08-02 16:08:00 PDT,+2411,-96.7081,-1280.67,-2038.7,-1156.08,+2095.01
2000-08-02 16:09:00 PDT,+2414.12,-89.6141,-1280.28,-2034.47,-1158.41,+2097.23
2000-08-02 16:10:00 PDT,+2415.93,-87.6984,-1278.31,-2036.82,-1159.69,+2097.67
2000-08-02 16:11:00 PDT,+2415.33,-86.0585,-1279.5,-2032.98,-1158.61,+2099.61
2000-08-02 16:12:00 PDT,+2417.59,-82.7701,-1277.32,-2035.32,-1159.84,+2099.86
2000-08-02 16:13:00 PDT,+2413.01,-87.0048,-1280.24,-2035.9,-1162.28,+2098.64
2000-08-02 16:14:00 PDT,+2414.14,-91.3476,-1277.19,-2043.57,-1161.26,+2095.48
2000-08-02 16:15:00 PDT,+2403.29,-98.2558,-1290.06,-2014.56,-1136.18,+2098
2000-08-02 16:16:00 PDT,+2405.62,-92.7261,-1289.65,-2010.94,-1137.67,+2100.32
2000-08-02 16:17:00 PDT,+2402.5,-93.5213,-1293.26,-2005.24,-1138.5,+2101.69
2000-08-02 16:18:00 PDT,+2405.23,-88.7954,-1291.96,-2006.03,-1143.48,+2103.28
2000-08-02 16:19:00 PDT,+2409.22,-79.1474,-1291.29,-2000.85,-1146.29,+2107.68
2000-08-02 16:20:00 PDT,+2405.64,-75.8842,-1298.42,-1974.15,-1126.11,+2113.09
2000-08-02 16:21:00 PDT,+2405.38,-77.0457,-1306.25,-1986.15,-1120.5,+2112.59
2000-08-02 16:22:00 PDT,+2404.56,-76.8276,-1307.55,-1984.82,-1121.95,+2113.1
2000-08-02 16:23:00 PDT,+2401.8,-86.5735,-1305.76,-1998.52,-1123.27,+2107.17
2000-08-02 16:24:00 PDT,+2397.2,-91.429,-1307.91,-2003.28,-1132.26,+2105.84
2000-08-02 16:25:00 PDT,+2388.1,-93.7005,-1315.9,-1995.02,-1139.48,+2107.7
2000-08-02 16:26:00 PDT,+2387.67,-95.2882,-1314.87,-2003.75,-1148.09,+2105.44
2000-08-02 16:27:00 PDT,+2390.87,-92.632,-1312.71,-2004.92,-1149.23,+2105.78
2000-08-02 16:28:00 PDT,+2392.47,-95.6684,-1309.74,-2013.49,-1150.45,+2103.35
2000-08-02 16:29:00 PDT,+2400.79,-91.5339,-1302.89,-2017.29,-1147.46,+2103.5
2000-08-02 16:30:00 PDT,+2417.07,-79.6314,-1289.68,-2026.35,-1146.57,+2105.37
2000-08-02 16:31:00 PDT,+2422.24,-73.3002,-1285.9,-2031.07,-1154.11,+2106.9
2000-08-02 16:32:00 PDT,+2432.28,-65.7865,-1280.17,-2028.82,-1145.89,+2109.59
2000-08-02 16:33:00 PDT,+2416.43,-71.9285,-1277.31,-2039.95,-1148.04,+2105.58
2000-08-02 16:34:00 PDT,+2423.07,-65.3812,-1273.35,-2039.21,-1144.8,+2108.06
2000-08-02 16:35:00 PDT,+2424.63,-68.2465,-1270.63,-2045.99,-1145.03,+2105.25
2000-08-02 16:36:00 PDT,+2418.52,-80.5158,-1271.43,-2058.78,-1151.79,+2099.05
2000-08-02 16:37:00 PDT,+2418.17,-79.7709,-1273.83,-2049.65,-1143.98,+2100.78
2000-08-02 16:38:00 PDT,+2414.54,-83.2886,-1275.93,-2052.64,-1148.59,+2099.37
2000-08-02 16:39:00 PDT,+2416.15,-83.9611,-1274.02,-2053.7,-1145.08,+2098.58
2000-08-02 16:40:00 PDT,+2417.13,-78.1824,-1275.08,-2050.01,-1150.45,+2101.33
2000-08-02 16:41:00 PDT,+2412.38,-80.5121,-1278.12,-2052.3,-1160.9,+2100.83
2000-08-02 16:42:00 PDT,+2418.88,-72.8385,-1274.06,-2051.27,-1158.12,+2102.94
2000-08-02 16:43:00 PDT,+2409.33,-78.4508,-1281.5,-2049.46,-1165.92,+2102.24
2000-08-02 16:44:00 PDT,+2413.61,-69.7585,-1281.05,-2039.76,-1161.01,+2107.06
2000-08-02 16:45:00 PDT,+2418.46,-68.0539,-1276.8,-2044.18,-1159.72,+2106.5
2000-08-02 16:46:00 PDT,+2420.87,-63.1535,-1277.18,-2037.46,-1158.85,+2109.14
2000-08-02 16:47:00 PDT,+2423.32,-59.0859,-1276.23,-2037.28,-1160.97,+2110.58
2000-08-02 16:48:00 PDT,+2418.45,-63.429,-1279.49,-2040.09,-1168.39,+2109.19
2000-08-02 16:49:00 PDT,+2417.84,-65.5119,-1279.25,-2041.44,-1167.14,+2108.54
2000-08-02 16:50:00 PDT,+2417.45,-66.8835,-1279.62,-2043.34,-1170.14,+2107.58
2000-08-02 16:51:00 PDT,+2417.41,-64.3613,-1280.4,-2042.82,-1173.54,+2108.68
2000-08-02 16:52:00 PDT,+2416.12,-69.0291,-1279.85,-2049.19,-1176.98,+2105.98
2000-08-02 16:53:00 PDT,+2424.96,-64.9562,-1271.48,-2057.93,-1175.83,+2104.54
2000-08-02 16:54:00 PDT,+2428.58,-61.2484,-1269.59,-2055.57,-1171.97,+2105.99
2000-08-02 16:55:00 PDT,+2417.92,-64.8365,-1263.56,-2063.24,-1165.44,+2102.68
2000-08-02 16:56:00 PDT,+2414.71,-69.1732,-1265,-2066.67,-1168.05,+2100.74
2000-08-02 16:57:00 PDT,+2417.14,-69.1877,-1262.92,-2066.96,-1162.66,+2100.35
2000-08-02 16:58:00 PDT,+2413.32,-74.7173,-1263.97,-2072.53,-1166.25,+2097.95
2000-08-02 16:59:00 PDT,+2411.69,-78.1286,-1256.85,-2062.5,-1166.41,+2096.26
2000-08-02 17:00:00 PDT,+2411.82,-68.3509,-1261.28,-2050.67,-1168.4,+2102.15
2000-08-02 17:01:00 PDT,+2410.18,-64.3074,-1264.69,-2048.6,-1177,+2104.4
2000-08-02 17:02:00 PDT,+2413.89,-61.4741,-1261.83,-2049.31,-1174.36,+2104.81
2000-08-02 17:03:00 PDT,+2410.98,-64.8513,-1262.95,-2052.27,-1176.27,+2103.22
2000-08-02 17:04:00 PDT,+2410.74,-63.9575,-1263.02,-2053.64,-1180.86,+2103.13
2000-08-02 17:05:00 PDT,+2415.24,-59.6288,-1259.58,-2052.07,-1176.81,+2105.14
2000-08-02 17:06:00 PDT,+2419.03,-59.0496,-1255.36,-2055.83,-1173.34,+2104.55
2000-08-02 17:07:00 PDT,+2425.02,-49.8238,-1252.88,-2049.7,-1169.25,+2109.04
2000-08-02 17:08:00 PDT,+2420.68,-49.3197,-1257.97,-2046.17,-1177.66,+2110.25
2000-08-02 17:09:00 PDT,+2418.94,-48.9492,-1259.81,-2045.74,-1181.06,+2110.09
2000-08-02 17:10:00 PDT,+2416.39,-53.0706,-1260.02,-2050.84,-1185.61,+2107.88
2000-08-02 17:11:00 PDT,+2418.25,-53.6875,-1257.44,-2053.88,-1184.51,+2106.91
2000-08-02 17:12:00 PDT,+2422.31,-54.1768,-1251.93,-2059.23,-1180.1,+2105.24
2000-08-02 17:13:00 PDT,+2425.17,-53.0478,-1249.47,-2060.23,-1176.82,+2105.57
2000-08-02 17:14:00 PDT,+2426.75,-51.5964,-1249.13,-2059.86,-1177.17,+2105.65
2000-08-02 17:15:00 PDT,+2412.48,-51.8524,-1247.84,-2061.64,-1175.82,+2105.39
2000-08-02 17:16:00 PDT,+2412.81,-51.6595,-1247.71,-2061.09,-1174.73,+2105.49
2000-08-02 17:17:00 PDT,+2409.16,-51.9757,-1251.77,-2058.13,-1179.43,+2106.08
2000-08-02 17:18:00 PDT,+2410.53,-52.0713,-1249.94,-2059.7,-1178.59,+2105.63
2000-08-02 17:19:00 PDT,+2410.53,-51.2967,-1250.21,-2059.33,-1179.82,+2105.72
2000-08-02 17:20:00 PDT,+2410.21,-53.3115,-1249.51,-2061.32,-1180.34,+2104.98
2000-08-02 17:21:00 PDT,+2411.13,-52.5897,-1247.93,-2063.48,-1182.22,+2104.81
2000-08-02 17:22:00 PDT,+2410.92,-51.9242,-1248.3,-2062.02,-1182.42,+2105.38
2000-08-02 17:23:00 PDT,+2411.88,-51.944,-1246.92,-2063.4,-1182.48,+2104.75
2000-08-02 17:24:00 PDT,+2411.22,-55.9867,-1246.49,-2067.46,-1182.44,+2102.85
2000-08-02 17:25:00 PDT,+2408.8,-56.5115,-1249.26,-2066.43,-1186.21,+2102.55
2000-08-02 17:26:00 PDT,+2406.13,-58.034,-1252.05,-2066.78,-1190.39,+2101.41
2000-08-02 17:27:00 PDT,+2404.03,-56.5327,-1254.97,-2064.07,-1193.52,+2102.35
2000-08-02 17:28:00 PDT,+2400.48,-60.9832,-1257.58,-2064.81,-1196.47,+2100.66
2000-08-02 17:29:00 PDT,+2400,-59.1024,-1258.82,-2062.94,-1198,+2101.47
2000-08-02 17:30:00 PDT,+2399.83,-58.62,-1259.54,-2062.01,-1197.64,+2102.12
2000-08-02 17:31:00 PDT,+2399.86,-63.3495,-1257.86,-2066.81,-1197.22,+2099.59
2000-08-02 17:32:00 PDT,+2399.73,-66.1765,-1256.61,-2071.44,-1199.2,+2097.43
2000-08-02 17:33:00 PDT,+2401.53,-64.716,-1255.26,-2070.72,-1196.02,+2098.22
2000-08-02 17:34:00 PDT,+2402.06,-64.8596,-1254.75,-2070.78,-1194.55,+2098.38
2000-08-02 17:35:00 PDT,+2400.1,-67.1164,-1256.78,-2070.52,-1195.54,+2097.82
2000-08-02 17:36:00 PDT,+2399.72,-68.4957,-1257.15,-2071.1,-1194.91,+2097.25
2000-08-02 17:37:00 PDT,+2399.36,-66.5485,-1258.29,-2069.15,-1196.1,+2098.38
2000-08-02 17:38:00 PDT,+2399.29,-69.1093,-1257.19,-2071.79,-1195.96,+2096.96
2000-08-02 17:39:00 PDT,+2398.77,-70.8346,-1257.19,-2072.96,-1196.12,+2096.18
2000-08-02 17:40:00 PDT,+2397,-72.6397,-1259.13,-2072.36,-1196.88,+2096.09
2000-08-02 17:41:00 PDT,+2398.87,-73.5087,-1256.54,-2074.26,-1193.42,+2095.77
2000-08-02 17:42:00 PDT,+2397.13,-74.3242,-1258.47,-2073.65,-1195.6,+2095.49
2000-08-02 17:43:00 PDT,+2399.03,-71.5068,-1257.28,-2072.21,-1193.31,+2096.92
2000-08-02 17:44:00 PDT,+2402.2,-70.2654,-1253.3,-2074.36,-1190.28,+2096.93
2000-08-02 17:45:00 PDT,+2402.2,-70.2233,-1253.31,-2074.34,-1190.28,+2096.95
2000-08-02 17:46:00 PDT,+2403.3,-67.3392,-1252.9,-2072.92,-1190.05,+2097.87
2000-08-02 17:47:00 PDT,+2401.92,-68.8844,-1253.9,-2073.66,-1192.08,+2096.99
2000-08-02 17:48:00 PDT,+2401.82,-69.7745,-1254.02,-2073.62,-1190.91,+2096.97
2000-08-02 17:49:00 PDT,+2403.62,-63.2291,-1254.27,-2068.99,-1190.28,+2100.01
2000-08-02 17:50:00 PDT,+2401.4,-61.1978,-1257.98,-2065.26,-1193.81,+2101.39
2000-08-02 17:51:00 PDT,+2402.01,-59.6638,-1257.75,-2064.43,-1193.52,+2102.04
2000-08-02 17:52:00 PDT,+2401.75,-59.7579,-1257.97,-2064.46,-1194.05,+2101.95
2000-08-02 17:53:00 PDT,+2404.27,-55.9937,-1256.16,-2063.04,-1191.65,+2103.59
2000-08-02 17:54:00 PDT,+2405.58,-54.8762,-1255.41,-2061.95,-1188.65,+2104.63
2000-08-02 17:55:00 PDT,+2405.62,-54.8445,-1255.39,-2061.93,-1188.61,+2104.64
2000-08-02 17:56:00 PDT,+2405.06,-52.882,-1256.77,-2059.91,-1190.21,+2105.51
2000-08-02 17:57:00 PDT,+2404.4,-53.0509,-1258.25,-2058.06,-1189.08,+2106.24
2000-08-02 17:58:00 PDT,+2404.12,-55.7717,-1257.09,-2061.36,-1190.13,+2104.39
2000-08-02 17:59:00 PDT,+2404.26,-52.4622,-1258.03,-2058.84,-1191.42,+2105.77
2000-08-02 18:00:00 PDT,+2405.99,-49.6296,-1257.02,-2057.31,-1189.32,+2107.2
2000-08-02 18:01:00 PDT,+2404.7,-51.145,-1257.93,-2058.05,-1191.2,+2106.35
2000-08-02 18:02:00 PDT,+2405.97,-52.1576,-1255.9,-2059.98,-1189.19,+2105.78
2000-08-02 18:03:00 PDT,+2404.54,-52.9502,-1256.66,-2061.35,-1193.33,+2104.57
2000-08-02 18:04:00 PDT,+2404.51,-51.5981,-1256.96,-2060.65,-1194.46,+2104.92
2000-08-02 18:05:00 PDT,+2404.35,-51.4144,-1257.3,-2060.19,-1194.55,+2105.1
2000-08-02 18:06:00 PDT,+2405.11,-52.8103,-1255.47,-2062.77,-1194.03,+2104
2000-08-02 18:07:00 PDT,+2403.38,-53.601,-1257.44,-2062.05,-1196.17,+2103.76
2000-08-02 18:08:00 PDT,+2403.25,-55.5512,-1256.78,-2063.93,-1196.1,+2102.72
2000-08-02 18:09:00 PDT,+2402.75,-56.681,-1257.05,-2064.43,-1196.32,+2102.27
2000-08-02 18:10:00 PDT,+2403.52,-55.5914,-1256.33,-2064.34,-1195.93,+2102.59
2000-08-02 18:11:00 PDT,+2404.87,-55.4714,-1255.08,-2064.26,-1192.71,+2103.12
2000-08-02 18:12:00 PDT,+2407.25,-58.9981,-1250.51,-2069.57,-1188.71,+2101.16
2000-08-02 18:13:00 PDT,+2407.93,-59.4652,-1250.48,-2068.29,-1184.54,+2102.09
2000-08-02 18:14:00 PDT,+2406.93,-60.1001,-1251.35,-2068.45,-1186.25,+2101.67
2000-08-02 18:15:00 PDT,+2407.52,-58.6512,-1251.09,-2067.74,-1186.02,+2102.24
2000-08-02 18:16:00 PDT,+2408.55,-61.3472,-1248.66,-2071.13,-1184,+2100.8
2000-08-02 18:17:00 PDT,+2409.41,-61.3246,-1247.73,-2071.37,-1182.24,+2100.98
2000-08-02 18:18:00 PDT,+2408.68,-64.7967,-1247.26,-2074.09,-1182.46,+2099.29
2000-08-02 18:19:00 PDT,+2408.9,-66.2754,-1246.58,-2075.18,-1181.12,+2098.79
2000-08-02 18:20:00 PDT,+2408.54,-67.9389,-1246.36,-2076.44,-1181.2,+2098
2000-08-02 18:21:00 PDT,+2410.12,-64.9469,-1245.71,-2074.46,-1179.15,+2099.6
2000-08-02 18:22:00 PDT,+2409.39,-66.3684,-1246.17,-2075,-1179.56,+2099.05
2000-08-02 18:23:00 PDT,+2412.09,-61.3135,-1245.11,-2071.5,-1175.84,+2101.83
2000-08-02 18:24:00 PDT,+2411.93,-64.7644,-1244.11,-2074.15,-1174.56,+2100.38
2000-08-02 18:25:00 PDT,+2412.84,-62.3212,-1243.74,-2072.92,-1174.32,+2101.35
2000-08-02 18:26:00 PDT,+2412.21,-62.2546,-1244.41,-2072.76,-1175.83,+2101.21
2000-08-02 18:27:00 PDT,+2411.33,-62.9507,-1244.66,-2073.98,-1178.62,+2100.28
2000-08-02 18:28:00 PDT,+2412.58,-61.5415,-1243.77,-2073.28,-1176.81,+2101.07
2000-08-02 18:29:00 PDT,+2414.34,-57.3631,-1242.96,-2071.2,-1175.97,+2102.79
2000-08-02 18:30:00 PDT,+2413.03,-57.446,-1245,-2069.41,-1176.61,+2103.28
2000-08-02 18:31:00 PDT,+2413.7,-56.0843,-1244.58,-2068.87,-1176.26,+2103.8
2000-08-02 18:32:00 PDT,+2413.62,-56.3213,-1244.62,-2068.97,-1176.28,+2103.71
2000-08-02 18:33:00 PDT,+2414.35,-52.9371,-1245.05,-2066.34,-1176.02,+2105.36
2000-08-02 18:34:00 PDT,+2413.73,-52.9676,-1245.63,-2066.36,-1177.55,+2105.12
2000-08-02 18:35:00 PDT,+2415.28,-50.3176,-1244.52,-2065.5,-1176.54,+2106.11
2000-08-02 18:36:00 PDT,+2414.83,-50.9979,-1245.26,-2064.85,-1175.76,+2106.29
2000-08-02 18:37:00 PDT,+2415.33,-50.9419,-1244.86,-2064.74,-1174.43,+2106.51
2000-08-02 18:38:00 PDT,+2414.55,-51.8249,-1244.95,-2066.2,-1177,+2105.49
2000-08-02 18:39:00 PDT,+2412.22,-52.8588,-1247.35,-2065.79,-1180.63,+2104.91
2000-08-02 18:40:00 PDT,+2411.55,-51.9964,-1248.8,-2063.97,-1181.13,+2105.65
2000-08-02 18:41:00 PDT,+2411.07,-51.3863,-1249.82,-2062.66,-1181.46,+2106.17
2000-08-02 18:42:00 PDT,+2411.57,-49.9873,-1249.63,-2061.96,-1181.39,+2106.72
2000-08-02 18:43:00 PDT,+2412.25,-47.5388,-1249.25,-2061.2,-1182.32,+2107.37
2000-08-02 18:44:00 PDT,+2411.56,-49.2178,-1249.58,-2062.01,-1182.61,+2106.69
2000-08-02 18:45:00 PDT,+2411.95,-47.7976,-1249.5,-2061.31,-1182.84,+2107.2
2000-08-02 18:46:00 PDT,+2412.13,-48.4577,-1249.68,-2060.64,-1180.5,+2107.59
2000-08-02 18:47:00 PDT,+2412.96,-47.3331,-1248.88,-2060.58,-1180.05,+2107.92
2000-08-02 18:48:00 PDT,+2413.04,-48.3802,-1247.86,-2062.66,-1181.1,+2106.85
2000-08-02 18:49:00 PDT,+2414.06,-47.647,-1246.6,-2063.25,-1180.5,+2106.9
2000-08-02 18:50:00 PDT,+2414.31,-47.0793,-1246.86,-2062.1,-1179.2,+2107.57
2000-08-02 18:51:00 PDT,+2416.46,-46.7696,-1244.01,-2063.91,-1176.77,+2107.37
2000-08-02 18:52:00 PDT,+2415.08,-46.9554,-1245.26,-2064.01,-1180.02,+2106.85
2000-08-02 18:53:00 PDT,+2415.93,-46.7959,-1243.6,-2065.85,-1180.62,+2106.2
2000-08-02 18:54:00 PDT,+2416.17,-44.5677,-1244.5,-2063.26,-1179.83,+2107.66
2000-08-02 18:55:00 PDT,+2416.21,-46.0399,-1244.2,-2063.97,-1178.52,+2107.29
2000-08-02 18:56:00 PDT,+2414.89,-46.2477,-1245.39,-2064.06,-1181.58,+2106.79
2000-08-02 18:57:00 PDT,+2413.9,-48.3904,-1246.38,-2064.1,-1180.93,+2106.41
2000-08-02 18:58:00 PDT,+2413.17,-52.0047,-1245.87,-2066.89,-1181.12,+2104.66
2000-08-02 18:59:00 PDT,+2412.3,-52.7496,-1246.08,-2068.22,-1183.94,+2103.65
2000-08-02 19:00:00 PDT,+2411.07,-52.2377,-1247.92,-2066.72,-1185.74,+2103.99
2000-08-02 19:01:00 PDT,+2412.74,-51.1622,-1246.19,-2066.99,-1183.6,+2104.43
2000-08-02 19:02:00 PDT,+2412.05,-51.2355,-1246.85,-2066.96,-1185.13,+2104.2
2000-08-02 19:03:00 PDT,+2411.96,-51.8862,-1246.37,-2068.22,-1186.11,+2103.49
2000-08-02 19:04:00 PDT,+2413.47,-51.542,-1244.17,-2069.91,-1185.22,+2103.13
2000-08-02 19:05:00 PDT,+2412.24,-53.0302,-1245,-2070.66,-1187.02,+2102.3
2000-08-02 19:06:00 PDT,+2412.21,-51.6687,-1245.29,-2070,-1188.2,+2102.65
2000-08-02 19:07:00 PDT,+2410.53,-52.1823,-1247.46,-2068.78,-1189.92,+2102.69
2000-08-02 19:08:00 PDT,+2412.17,-51.2274,-1245.73,-2069.12,-1187.75,+2103.11
2000-08-02 19:09:00 PDT,+2411.52,-51.3166,-1246.32,-2069.15,-1189.26,+2102.86
2000-08-02 19:10:00 PDT,+2412.66,-49.8184,-1245.6,-2068.27,-1187.48,+2103.73
2000-08-02 19:11:00 PDT,+2410.71,-52.9846,-1246.84,-2069.79,-1189.59,+2102.23
2000-08-02 19:12:00 PDT,+2411.65,-54.1176,-1244.86,-2072.24,-1188.89,+2101.27
2000-08-02 19:13:00 PDT,+2411.57,-54.275,-1244.92,-2072.29,-1188.91,+2101.21
2000-08-02 19:14:00 PDT,+2413.88,-51.8771,-1242.8,-2072.03,-1186.47,+2102.18
2000-08-02 19:15:00 PDT,+2413.58,-54.0652,-1242.25,-2073.96,-1186.56,+2101.05
2000-08-02 19:16:00 PDT,+2414.7,-53.9787,-1240.13,-2076.22,-1187.04,+2100.24
2000-08-02 19:17:00 PDT,+2414.1,-53.9006,-1240.73,-2076.14,-1188.51,+2100.08
2000-08-02 19:18:00 PDT,+2414.69,-53.8854,-1240.19,-2076.1,-1187,+2100.32
2000-08-02 19:19:00 PDT,+2413.61,-52.5193,-1242.53,-2073.19,-1187.75,+2101.46
2000-08-02 19:20:00 PDT,+2412.9,-52.7566,-1242.94,-2073.8,-1189.96,+2100.89
2000-08-02 19:21:00 PDT,+2413.46,-52.7014,-1242.51,-2073.6,-1188.39,+2101.19
2000-08-02 19:22:00 PDT,+2412.17,-53.5123,-1244.02,-2072.96,-1189.46,+2101.09
2000-08-02 19:23:00 PDT,+2410.22,-56.0513,-1245.59,-2073.73,-1191.47,+2099.99
2000-08-02 19:24:00 PDT,+2412.31,-54.7388,-1243.88,-2073.04,-1187.32,+2101.12
2000-08-02 19:25:00 PDT,+2413.23,-51.9535,-1243.3,-2072.18,-1188.02,+2101.91
2000-08-02 19:26:00 PDT,+2413.56,-50.1374,-1243.64,-2070.65,-1187.9,+2102.83
2000-08-02 19:27:00 PDT,+2412.31,-53.1038,-1244.23,-2072.1,-1188.45,+2101.62
2000-08-02 19:28:00 PDT,+2412.47,-52.488,-1244.66,-2070.79,-1187.2,+2102.37
2000-08-02 19:29:00 PDT,+2411.33,-53.7897,-1245.55,-2071.37,-1188.97,+2101.62
2000-08-02 19:30:00 PDT,+2412.01,-50.4631,-1246,-2068.75,-1188.72,+2103.27
2000-08-02 19:31:00 PDT,+2411.46,-48.6044,-1247.37,-2066.78,-1190.21,+2104.11
2000-08-02 19:32:00 PDT,+2411.27,-48.939,-1247.48,-2066.91,-1190.26,+2103.99
2000-08-02 19:33:00 PDT,+2410.59,-49.3671,-1248.75,-2065.62,-1189.54,+2104.42
2000-08-02 19:34:00 PDT,+2408.99,-50.1979,-1250.55,-2065.07,-1191.61,+2104.13
2000-08-02 19:35:00 PDT,+2408.88,-48.9968,-1250.9,-2064.49,-1192.86,+2104.41
2000-08-02 19:36:00 PDT,+2410.71,-48.5468,-1248.64,-2065.69,-1190.62,+2104.43
2000-08-02 19:37:00 PDT,+2410.53,-47.5447,-1249.76,-2063.61,-1189.72,+2105.47
2000-08-02 19:38:00 PDT,+2410.49,-47.6251,-1249.8,-2063.63,-1189.74,+2105.44
2000-08-02 19:39:00 PDT,+2409.98,-47.1451,-1250.83,-2062.39,-1190.02,+2105.92
2000-08-02 19:40:00 PDT,+2409.96,-47.1402,-1250.88,-2062.34,-1190.02,+2105.93
2000-08-02 19:41:00 PDT,+2410.97,-48.8051,-1248.51,-2065.5,-1189.24,+2104.63
2000-08-02 19:42:00 PDT,+2411,-48.888,-1248.48,-2065.54,-1189.09,+2104.6
2000-08-02 19:43:00 PDT,+2412.82,-44.6335,-1247.61,-2063.44,-1188.17,+2106.36
2000-08-02 19:44:00 PDT,+2412.97,-47.0174,-1246.3,-2066.13,-1187.92,+2105
2000-08-02 19:45:00 PDT,+2413.52,-48.8773,-1244.99,-2067.95,-1186.25,+2104.22
2000-08-02 19:46:00 PDT,+2411.22,-50.5309,-1246.84,-2068.77,-1190.6,+2102.96
2000-08-02 19:47:00 PDT,+2410.82,-50.9361,-1246.88,-2069.53,-1191.96,+2102.43
2000-08-02 19:48:00 PDT,+2409.51,-54.5234,-1246.99,-2072.26,-1193.54,+2100.5
2000-08-02 19:49:00 PDT,+2407.94,-56.6031,-1248.52,-2072.31,-1194.36,+2099.91
2000-08-02 19:50:00 PDT,+2408.87,-57.8571,-1246.5,-2074.83,-1193.62,+2098.9
2000-08-02 19:51:00 PDT,+2408.3,-59.492,-1246.72,-2075.48,-1193.37,+2098.35
2000-08-02 19:52:00 PDT,+2407.83,-62.4637,-1245.69,-2078.81,-1194.57,+2096.42
2000-08-02 19:53:00 PDT,+2410.52,-60.8468,-1243.53,-2077.95,-1189.3,+2097.84
2000-08-02 19:54:00 PDT,+2411.65,-61.2937,-1241.96,-2078.98,-1187.32,+2097.69
2000-08-02 19:55:00 PDT,+2412.4,-61.0247,-1240.82,-2079.82,-1186.79,+2097.55
2000-08-02 19:56:00 PDT,+2412.81,-61.6278,-1239.92,-2080.96,-1186.42,+2097.09
2000-08-02 19:57:00 PDT,+2412.49,-60.8426,-1240.9,-2079.58,-1186.66,+2097.69
2000-08-02 19:58:00 PDT,+2413,-61.5729,-1239.85,-2080.88,-1186.08,+2097.18
2000-08-02 19:59:00 PDT,+2411.9,-62.5165,-1241.18,-2080.32,-1186.61,+2097.06
2000-08-02 20:00:00 PDT,+2390.05,-76.4474,-1261.04,-2062.66,-1185.38,+2096.75
2000-08-02 20:01:00 PDT,+2389.36,-78.0171,-1261.36,-2063.49,-1185.75,+2096.11
2000-08-02 20:02:00 PDT,+2389.48,-76.3903,-1261.94,-2061.85,-1185.71,+2097.01
2000-08-02 20:03:00 PDT,+2388.3,-79.1268,-1262.49,-2063.16,-1186.09,+2095.92
2000-08-02 20:04:00 PDT,+2394.15,-75.485,-1257.2,-2067.21,-1184.74,+2096.29
2000-08-02 20:05:00 PDT,+2399.01,-73.3632,-1253.12,-2070.59,-1183.98,+2096.4
2000-08-02 20:06:00 PDT,+2404.83,-67.4653,-1248.34,-2072.86,-1184.42,+2097.65
2000-08-02 20:07:00 PDT,+2408.18,-62.7207,-1246.06,-2074.49,-1186.79,+2098.54
2000-08-02 20:08:00 PDT,+2410.01,-61.9225,-1244.43,-2075.73,-1185.81,+2098.46
2000-08-02 20:09:00 PDT,+2411.22,-60.6696,-1243.18,-2077.19,-1186.69,+2098.54
2000-08-02 20:10:00 PDT,+2411.65,-60.255,-1243.13,-2076.47,-1185.33,+2099.06
2000-08-02 20:11:00 PDT,+2412.62,-57.6835,-1242.74,-2075.11,-1184.85,+2100.15
2000-08-02 20:12:00 PDT,+2413.18,-56.3682,-1242.5,-2074.41,-1184.54,+2100.71
2000-08-02 20:13:00 PDT,+2413.81,-56.1809,-1242.02,-2074.21,-1183.1,+2101.02
2000-08-02 20:14:00 PDT,+2413.09,-56.2755,-1242.72,-2074.11,-1184.56,+2100.84
2000-08-02 20:15:00 PDT,+2410.53,-57.6745,-1245.28,-2073.9,-1188.38,+2100.05
2000-08-02 20:16:00 PDT,+2412.17,-53.4972,-1244.61,-2071.64,-1187.57,+2101.82
2000-08-02 20:17:00 PDT,+2412.72,-51.9204,-1244.49,-2070.6,-1187.27,+2102.55
2000-08-02 20:18:00 PDT,+2412.54,-50.7559,-1244.87,-2070.08,-1188.68,+2102.77
2000-08-02 20:19:00 PDT,+2413.11,-48.951,-1244.56,-2069.31,-1188.4,+2103.48
2000-08-02 20:20:00 PDT,+2412.88,-49.3854,-1244.64,-2069.6,-1188.42,+2103.3
2000-08-02 20:21:00 PDT,+2413.49,-48.0195,-1244.4,-2068.78,-1187.91,+2103.92
2000-08-02 20:22:00 PDT,+2414.22,-46.296,-1244.14,-2067.75,-1187.43,+2104.67
2000-08-02 20:23:00 PDT,+2416.3,-44.706,-1242.23,-2067.92,-1185.5,+2105.03
2000-08-02 20:24:00 PDT,+2416.27,-42.4906,-1243.02,-2065.44,-1185.99,+2106.04
2000-08-02 20:25:00 PDT,+2416.37,-42.0626,-1242.62,-2065.37,-1185.93,+2106.18
2000-08-02 20:26:00 PDT,+2416.37,-41.9523,-1242.7,-2065.21,-1185.95,+2106.28
2000-08-02 20:27:00 PDT,+2418.54,-39.5451,-1240.93,-2064.5,-1183.2,+2107.38
2000-08-02 20:28:00 PDT,+2418.37,-38.7079,-1241.33,-2064.64,-1184.42,+2107.41
2000-08-02 20:29:00 PDT,+2418.31,-39.44,-1240.8,-2065.82,-1184.96,+2106.95
2000-08-02 20:30:00 PDT,+2417.33,-38.836,-1242.19,-2065.45,-1188.07,+2106.76
2000-08-02 20:31:00 PDT,+2417.6,-39.081,-1241.66,-2065.92,-1187.66,+2106.88
2000-08-02 20:32:00 PDT,+2417.21,-39.4777,-1241.78,-2066.44,-1188.86,+2106.42
2000-08-02 20:33:00 PDT,+2417.78,-39.8062,-1240.85,-2067.4,-1188.41,+2106.09
2000-08-02 20:34:00 PDT,+2418.09,-40.5886,-1240.01,-2068.65,-1188.1,+2105.55
2000-08-02 20:35:00 PDT,+2417.98,-40.8177,-1240.11,-2068.69,-1188.09,+2105.49
2000-08-02 20:36:00 PDT,+2417.91,-40.8055,-1240.22,-2068.55,-1188.13,+2105.53
2000-08-02 20:37:00 PDT,+2418.01,-41.2318,-1239.85,-2069.12,-1187.96,+2105.27
2000-08-02 20:38:00 PDT,+2419.09,-38.2545,-1239.46,-2067.41,-1187.48,+2106.56
2000-08-02 20:39:00 PDT,+2419.7,-36.6245,-1239.27,-2066.41,-1187.12,+2107.3
2000-08-02 20:40:00 PDT,+2419.75,-36.7334,-1239.21,-2066.59,-1186.98,+2107.22
2000-08-02 20:41:00 PDT,+2418.89,-36.9942,-1239.99,-2066.6,-1188.69,+2106.91
2000-08-02 20:42:00 PDT,+2418.91,-37.1198,-1239.95,-2066.71,-1188.57,+2106.86
2000-08-02 20:43:00 PDT,+2418.45,-37.2594,-1240.34,-2066.9,-1189.7,+2106.57
2000-08-02 20:44:00 PDT,+2419.3,-38.6594,-1238.34,-2069.51,-1189.03,+2105.52
2000-08-02 20:45:00 PDT,+2419.29,-38.6091,-1238.39,-2069.45,-1189.12,+2105.56
2000-08-02 20:46:00 PDT,+2419.01,-39.0874,-1238.22,-2070.42,-1190.49,+2104.93
2000-08-02 20:47:00 PDT,+2418.2,-40.7952,-1238.66,-2071.19,-1190.87,+2104.25
2000-08-02 20:48:00 PDT,+2418.32,-40.9025,-1238.53,-2071.31,-1190.57,+2104.18
2000-08-02 20:49:00 PDT,+2418.9,-41.4044,-1237.48,-2072.45,-1190.05,+2103.73
2000-08-02 20:50:00 PDT,+2418.13,-42.975,-1237.9,-2073.16,-1190.5,+2103.14
2000-08-02 20:51:00 PDT,+2418.1,-43.0286,-1237.95,-2073.15,-1190.56,+2103.15
2000-08-02 20:52:00 PDT,+2417.87,-43.3523,-1238.11,-2073.18,-1190.61,+2103.06
2000-08-02 20:53:00 PDT,+2417.74,-43.6043,-1238.2,-2073.25,-1190.57,+2102.99
2000-08-02 20:54:00 PDT,+2417.9,-43.4331,-1238.15,-2073.1,-1190.37,+2103.08
2000-08-02 20:55:00 PDT,+2417.9,-43.4694,-1238.15,-2073.09,-1190.3,+2103.08
2000-08-02 20:56:00 PDT,+2417.76,-43.6547,-1238.27,-2073.17,-1190.39,+2103.04
2000-08-02 20:57:00 PDT,+2417.73,-43.7449,-1238.32,-2073.13,-1190.26,+2103.02
2000-08-02 20:58:00 PDT,+2417.18,-43.7565,-1238.91,-2073.04,-1191.61,+2102.83
2000-08-02 20:59:00 PDT,+2416.54,-45.0578,-1239.33,-2073.42,-1191.9,+2102.36
2000-08-02 21:00:00 PDT,+2416.42,-45.0483,-1239.47,-2073.25,-1192.05,+2102.41
2000-08-02 21:01:00 PDT,+2416.56,-45.0749,-1239.33,-2073.4,-1191.86,+2102.37
2000-08-02 21:02:00 PDT,+2416.51,-45.3599,-1239.32,-2073.62,-1191.84,+2102.24
2000-08-02 21:03:00 PDT,+2416.43,-45.3967,-1239.39,-2073.62,-1191.97,+2102.23
2000-08-02 21:04:00 PDT,+2416.33,-45.4406,-1239.51,-2073.58,-1192.07,+2102.25
2000-08-02 21:05:00 PDT,+2416.82,-44.3173,-1239.24,-2073.1,-1191.77,+2102.71
2000-08-02 21:06:00 PDT,+2415.92,-46.1681,-1239.71,-2073.95,-1192.19,+2101.97
2000-08-02 21:07:00 PDT,+2415.4,-45.4332,-1240.9,-2072.38,-1192.52,+2102.58
2000-08-02 21:08:00 PDT,+2414.8,-46.932,-1241.2,-2073.06,-1192.68,+2101.97
2000-08-02 21:09:00 PDT,+2414.67,-47.1029,-1241.33,-2072.93,-1192.44,+2101.94
2000-08-02 21:10:00 PDT,+2415.33,-45.7051,-1240.97,-2072.31,-1192.06,+2102.51
2000-08-02 21:11:00 PDT,+2415.36,-45.4621,-1241.03,-2072.26,-1192.4,+2102.63
2000-08-02 21:12:00 PDT,+2415.45,-45.1863,-1241.07,-2071.99,-1192.39,+2102.78
2000-08-02 21:13:00 PDT,+2415.35,-45.3225,-1241.15,-2072.03,-1192.37,+2102.75
2000-08-02 21:14:00 PDT,+2416.42,-44.5745,-1239.86,-2072.58,-1191.53,+2102.8
2000-08-02 21:15:00 PDT,+2416.5,-44.4581,-1239.83,-2072.44,-1191.39,+2102.89
2000-08-02 21:16:00 PDT,+2416.28,-44.6973,-1239.97,-2072.51,-1191.48,+2102.83
2000-08-02 21:17:00 PDT,+2416.23,-44.878,-1239.96,-2072.67,-1191.45,+2102.75
2000-08-02 21:18:00 PDT,+2415.92,-44.0263,-1240.9,-2071.28,-1191.81,+2103.36
2000-08-02 21:19:00 PDT,+2415.99,-43.8597,-1240.91,-2071.04,-1191.68,+2103.46
2000-08-02 21:20:00 PDT,+2416.15,-43.5839,-1240.87,-2070.78,-1191.54,+2103.62
2000-08-02 21:21:00 PDT,+2416.06,-43.8617,-1240.85,-2071.06,-1191.52,+2103.48
2000-08-02 21:22:00 PDT,+2416.03,-43.9485,-1240.86,-2071.19,-1191.6,+2103.44
2000-08-02 21:23:00 PDT,+2416.17,-43.8622,-1240.78,-2071.12,-1191.36,+2103.49
2000-08-02 21:24:00 PDT,+2416.67,-44.2384,-1239.85,-2072.13,-1191.03,+2103.11
2000-08-02 21:25:00 PDT,+2416.53,-44.133,-1240.05,-2071.83,-1191.19,+2103.23
2000-08-02 21:26:00 PDT,+2416.08,-44.6424,-1240.31,-2071.96,-1191.34,+2103.06
2000-08-02 21:27:00 PDT,+2415.49,-44.1885,-1241.39,-2070.85,-1191.83,+2103.5
2000-08-02 21:28:00 PDT,+2415.78,-44.2345,-1241.1,-2071.1,-1191.45,+2103.39
2000-08-02 21:29:00 PDT,+2415.74,-44.3939,-1241.09,-2071.15,-1191.35,+2103.32
2000-08-02 21:30:00 PDT,+2416.58,-43.9781,-1240.44,-2070.98,-1189.91,+2103.72
2000-08-02 21:31:00 PDT,+2417.11,-44.5556,-1239.35,-2072.34,-1189.66,+2103.2
2000-08-02 21:32:00 PDT,+2416.97,-44.7524,-1239.43,-2072.32,-1189.6,+2103.14
2000-08-02 21:33:00 PDT,+2417.48,-43.0634,-1239.34,-2071.2,-1189.42,+2103.93
2000-08-02 21:34:00 PDT,+2417.52,-43.109,-1239.3,-2071.23,-1189.31,+2103.9
2000-08-02 21:35:00 PDT,+2417.68,-41.7538,-1239.34,-2070.89,-1190.41,+2104.13
2000-08-02 21:36:00 PDT,+2417.48,-41.91,-1239.45,-2071.03,-1190.69,+2104.08
2000-08-02 21:37:00 PDT,+2416.77,-41.5522,-1240.59,-2069.81,-1191.15,+2104.52
2000-08-02 21:38:00 PDT,+2416.92,-41.3472,-1240.54,-2069.63,-1190.99,+2104.62
2000-08-02 21:39:00 PDT,+2417.21,-41.2271,-1240.3,-2069.78,-1190.81,+2104.59
2000-08-02 21:40:00 PDT,+2417.23,-40.8727,-1240.42,-2069.37,-1190.92,+2104.8
2000-08-02 21:41:00 PDT,+2416.61,-40.1809,-1241.59,-2067.87,-1191.45,+2105.4
2000-08-02 21:42:00 PDT,+2416.65,-40.2609,-1241.53,-2067.99,-1191.29,+2105.33
2000-08-02 21:43:00 PDT,+2416.59,-40.5394,-1241.48,-2068.27,-1191.23,+2105.15
2000-08-02 21:44:00 PDT,+2416.12,-40.4763,-1242.13,-2067.81,-1191.66,+2105.3
2000-08-02 21:45:00 PDT,+2416.69,-40.9773,-1241.06,-2069.1,-1191.28,+2104.81
2000-08-02 21:46:00 PDT,+2416.68,-40.9504,-1241.08,-2069.08,-1191.34,+2104.83
2000-08-02 21:47:00 PDT,+2417.15,-41.4834,-1240.1,-2070.2,-1190.97,+2104.37
2000-08-02 21:48:00 PDT,+2417.68,-41.4856,-1239.42,-2070.65,-1190.53,+2104.23
2000-08-02 21:49:00 PDT,+2417.06,-43.0152,-1239.69,-2071.38,-1190.71,+2103.6
2000-08-02 21:50:00 PDT,+2416.99,-42.9385,-1239.75,-2071.35,-1190.95,+2103.64
2000-08-02 21:51:00 PDT,+2417.29,-42.6952,-1239.53,-2071.42,-1190.85,+2103.68
2000-08-02 21:52:00 PDT,+2417.31,-42.6854,-1239.47,-2071.55,-1190.88,+2103.64
2000-08-02 21:53:00 PDT,+2417.74,-41.3194,-1239.3,-2070.83,-1190.8,+2104.22
2000-08-02 21:54:00 PDT,+2417.81,-41.1688,-1239.28,-2070.72,-1190.8,+2104.28
2000-08-02 21:55:00 PDT,+2418.19,-41.2199,-1238.87,-2070.65,-1189.59,+2104.53
2000-08-02 21:56:00 PDT,+2418.11,-41.1203,-1238.99,-2070.35,-1189.6,+2104.62
2000-08-02 21:57:00 PDT,+2418.01,-41.3067,-1238.98,-2070.54,-1189.67,+2104.51
2000-08-02 21:58:00 PDT,+2417.97,-41.6962,-1238.79,-2071.14,-1189.68,+2104.24
2000-08-02 21:59:00 PDT,+2418.1,-41.4947,-1238.75,-2070.9,-1189.46,+2104.34
2000-08-02 22:00:00 PDT,+2418.33,-41.4306,-1238.43,-2071.17,-1189.51,+2104.25
2000-08-02 22:01:00 PDT,+2418.05,-42.583,-1238.49,-2071.89,-1189.69,+2103.72
2000-08-02 22:02:00 PDT,+2417.92,-42.6004,-1238.56,-2072.03,-1190.04,+2103.68
2000-08-02 22:03:00 PDT,+2417.09,-42.8583,-1239.22,-2072.21,-1191.8,+2103.3
2000-08-02 22:04:00 PDT,+2416.73,-45.6911,-1238.99,-2073.77,-1190.74,+2102.3
2000-08-02 22:05:00 PDT,+2416.74,-45.6028,-1238.99,-2073.74,-1190.79,+2102.33
2000-08-02 22:06:00 PDT,+2417.34,-44.0677,-1238.72,-2072.99,-1190.61,+2102.93
2000-08-02 22:07:00 PDT,+2417.68,-43.8448,-1238.44,-2073.05,-1190.35,+2102.94
2000-08-02 22:08:00 PDT,+2418.4,-42.1837,-1238.02,-2072.4,-1190.1,+2103.56
2000-08-02 22:09:00 PDT,+2418.8,-40.861,-1237.85,-2071.76,-1190.13,+2104.11
2000-08-02 22:10:00 PDT,+2419.26,-40.8809,-1237.36,-2071.82,-1188.96,+2104.28
2000-08-02 22:11:00 PDT,+2419.25,-40.8167,-1237.35,-2071.82,-1189.1,+2104.3
2000-08-02 22:12:00 PDT,+2419.35,-40.636,-1237.27,-2071.78,-1189.08,+2104.34
2000-08-02 22:13:00 PDT,+2418.62,-40.8086,-1237.88,-2071.8,-1190.55,+2104.04
2000-08-02 22:14:00 PDT,+2418.82,-40.4773,-1237.79,-2071.59,-1190.55,+2104.15
2000-08-02 22:15:00 PDT,+2417.92,-40.2754,-1238.87,-2071.05,-1192.18,+2104.14
2000-08-02 22:16:00 PDT,+2418.47,-40.0249,-1238.41,-2070.81,-1190.92,+2104.51
2000-08-02 22:17:00 PDT,+2418.73,-39.7494,-1238.17,-2070.88,-1190.95,+2104.56
2000-08-02 22:18:00 PDT,+2418.81,-39.8649,-1238.01,-2071.12,-1190.8,+2104.46
2000-08-02 22:19:00 PDT,+2418.63,-40.0009,-1238.12,-2071.15,-1190.89,+2104.41
2000-08-02 22:20:00 PDT,+2418.84,-40.2205,-1237.59,-2071.81,-1190.87,+2104.17
2000-08-02 22:21:00 PDT,+2419.01,-40.071,-1237.4,-2071.92,-1190.8,+2104.13
2000-08-02 22:22:00 PDT,+2419.21,-39.8435,-1237.23,-2071.93,-1190.79,+2104.17
2000-08-02 22:23:00 PDT,+2418.85,-39.13,-1238.13,-2070.58,-1190.96,+2104.71
2000-08-02 22:24:00 PDT,+2418.73,-39.2684,-1238.15,-2070.76,-1191.05,+2104.62
2000-08-02 22:25:00 PDT,+2418.98,-39.341,-1237.84,-2071.11,-1190.78,+2104.49
2000-08-02 22:26:00 PDT,+2419.27,-39.0783,-1237.6,-2071.1,-1190.65,+2104.54
2000-08-02 22:27:00 PDT,+2418.65,-38.7789,-1238.23,-2071.03,-1192.63,+2104.41
2000-08-02 22:28:00 PDT,+2419.21,-39.2903,-1237.1,-2072.39,-1192.34,+2103.89
2000-08-02 22:29:00 PDT,+2419.62,-39.4605,-1236.57,-2072.53,-1191.14,+2104.03
2000-08-02 22:30:00 PDT,+2419.65,-39.2453,-1236.53,-2072.49,-1191.24,+2104.08
2000-08-02 22:31:00 PDT,+2419.61,-39.4016,-1236.44,-2072.78,-1191.38,+2103.93
2000-08-02 22:32:00 PDT,+2419.29,-38.5667,-1237.33,-2071.47,-1191.64,+2104.49
2000-08-02 22:33:00 PDT,+2419.48,-38.4315,-1237.18,-2071.38,-1191.37,+2104.51
2000-08-02 22:34:00 PDT,+2418.94,-38.0375,-1237.8,-2071.08,-1193.06,+2104.45
2000-08-02 22:35:00 PDT,+2418.95,-37.3491,-1238.03,-2070.62,-1193.4,+2104.76
2000-08-02 22:36:00 PDT,+2418.9,-37.5369,-1237.98,-2070.77,-1193.26,+2104.65
2000-08-02 22:37:00 PDT,+2419.4,-38.0389,-1236.9,-2072.07,-1193.04,+2104.17
2000-08-02 22:38:00 PDT,+2419.54,-37.5449,-1236.86,-2071.79,-1193.13,+2104.39
2000-08-02 22:39:00 PDT,+2419.19,-36.8012,-1237.69,-2070.65,-1193.48,+2104.86
2000-08-02 22:40:00 PDT,+2419.37,-36.8292,-1237.45,-2070.95,-1193.43,+2104.76
2000-08-02 22:41:00 PDT,+2419.77,-36.8282,-1236.82,-2071.43,-1193.14,+2104.62
2000-08-02 22:42:00 PDT,+2419.78,-36.6312,-1236.84,-2071.32,-1193.26,+2104.69
2000-08-02 22:43:00 PDT,+2419.68,-36.6053,-1236.95,-2071.25,-1193.49,+2104.68
2000-08-02 22:44:00 PDT,+2420.13,-36.9699,-1235.99,-2072.37,-1193.37,+2104.24
2000-08-02 22:45:00 PDT,+2420.24,-36.9689,-1235.83,-2072.58,-1193.34,+2104.18
2000-08-02 22:46:00 PDT,+2420.4,-37.0833,-1235.55,-2072.92,-1193.2,+2104.05
2000-08-02 22:47:00 PDT,+2419.69,-38.8172,-1235.79,-2073.9,-1193.6,+2103.32
2000-08-02 22:48:00 PDT,+2419.52,-38.8837,-1235.89,-2073.95,-1193.88,+2103.27
2000-08-02 22:49:00 PDT,+2419.47,-38.7559,-1235.96,-2073.8,-1194.06,+2103.34
2000-08-02 22:50:00 PDT,+2419.8,-38.3218,-1235.72,-2073.72,-1194,+2103.45
2000-08-02 22:51:00 PDT,+2420.34,-36.2511,-1235.84,-2072.17,-1193.67,+2104.39
2000-08-02 22:52:00 PDT,+2420.44,-35.6155,-1235.89,-2071.63,-1193.73,+2104.68
2000-08-02 22:53:00 PDT,+2420.38,-35.7816,-1235.75,-2072.16,-1194.04,+2104.49
2000-08-02 22:54:00 PDT,+2420.55,-35.7665,-1235.52,-2072.42,-1194.04,+2104.4
2000-08-02 22:55:00 PDT,+2420.67,-35.558,-1235.43,-2072.45,-1194.21,+2104.44
2000-08-02 22:56:00 PDT,+2420.32,-36.7954,-1235.4,-2073.45,-1194.59,+2103.81
2000-08-02 22:57:00 PDT,+2420.64,-36.5376,-1235.11,-2073.43,-1194.26,+2103.84
2000-08-02 22:58:00 PDT,+2421.15,-36.6003,-1234.47,-2073.51,-1192.76,+2103.98
2000-08-02 22:59:00 PDT,+2420.4,-37.2765,-1235.3,-2073.25,-1193.4,+2103.87
2000-08-02 23:00:00 PDT,+2420.9,-37.5697,-1234.32,-2074.4,-1193.29,+2103.41
2000-08-02 23:01:00 PDT,+2420.88,-37.5745,-1234.3,-2074.51,-1193.48,+2103.37
2000-08-02 23:02:00 PDT,+2421.08,-35.1463,-1235.05,-2072.36,-1193.65,+2104.59
2000-08-02 23:03:00 PDT,+2421.54,-33.8158,-1234.83,-2071.65,-1193.47,+2105.12
2000-08-02 23:04:00 PDT,+2421.44,-34.0773,-1234.55,-2072.5,-1194.58,+2104.56
2000-08-02 23:05:00 PDT,+2421.33,-33.9889,-1234.62,-2072.58,-1194.96,+2104.56
2000-08-02 23:06:00 PDT,+2420.66,-35.3645,-1234.88,-2073.34,-1195.48,+2103.95
2000-08-02 23:07:00 PDT,+2420.78,-35.3939,-1234.63,-2073.69,-1195.54,+2103.85
2000-08-02 23:08:00 PDT,+2420.92,-35.2443,-1234.47,-2073.75,-1195.6,+2103.84
2000-08-02 23:09:00 PDT,+2420.98,-35.2177,-1234.35,-2073.86,-1195.64,+2103.8
2000-08-02 23:10:00 PDT,+2421.17,-35.0188,-1234.19,-2073.9,-1195.63,+2103.82
2000-08-02 23:11:00 PDT,+2421.54,-32.8723,-1234.66,-2072.04,-1195.46,+2104.88
2000-08-02 23:12:00 PDT,+2421.74,-34.0218,-1234.21,-2072.62,-1194.01,+2104.62
2000-08-02 23:13:00 PDT,+2422.25,-34.7023,-1233.02,-2074.11,-1193.71,+2104
2000-08-02 23:14:00 PDT,+2421.96,-34.4294,-1233.43,-2073.82,-1194.44,+2104.14
2000-08-02 23:15:00 PDT,+2421.83,-34.22,-1233.58,-2073.76,-1194.98,+2104.2
2000-08-02 23:16:00 PDT,+2421.28,-34.2264,-1234.07,-2073.8,-1196.4,+2103.88
2000-08-02 23:17:00 PDT,+2421.96,-34.6864,-1232.79,-2075.24,-1196.07,+2103.34
2000-08-02 23:18:00 PDT,+2422.71,-34.3549,-1232.15,-2075.02,-1194.53,+2103.73
2000-08-02 23:19:00 PDT,+2423.31,-32.777,-1231.91,-2074.16,-1194.28,+2104.39
2000-08-02 23:20:00 PDT,+2422.87,-32.2416,-1232.78,-2073.22,-1194.72,+2104.76
2000-08-02 23:21:00 PDT,+2422.77,-32.3111,-1232.75,-2073.43,-1194.94,+2104.63
2000-08-02 23:22:00 PDT,+2422.38,-32.8268,-1232.66,-2074.39,-1196.33,+2103.96
2000-08-02 23:23:00 PDT,+2422.46,-32.8363,-1232.5,-2074.62,-1196.39,+2103.85
2000-08-02 23:24:00 PDT,+2423.74,-32.9299,-1230.84,-2075.65,-1194.67,+2103.8
2000-08-02 23:25:00 PDT,+2423.57,-32.9269,-1230.95,-2075.52,-1194.87,+2103.83
2000-08-02 23:26:00 PDT,+2423.78,-32.7633,-1230.73,-2075.66,-1194.95,+2103.81
2000-08-02 23:27:00 PDT,+2424.07,-32.4423,-1230.51,-2075.69,-1194.8,+2103.86
2000-08-02 23:28:00 PDT,+2423.43,-32.0691,-1231.17,-2075.3,-1196.55,+2103.82
2000-08-02 23:29:00 PDT,+2423.24,-32.2762,-1231.18,-2075.56,-1196.84,+2103.68
2000-08-02 23:30:00 PDT,+2423.43,-32.2507,-1230.91,-2075.81,-1196.57,+2103.59
2000-08-02 23:31:00 PDT,+2424.11,-32.039,-1230.27,-2075.65,-1195.04,+2103.92
2000-08-02 23:32:00 PDT,+2424.22,-31.8017,-1230.15,-2075.68,-1195.08,+2103.95
2000-08-02 23:33:00 PDT,+2424.38,-31.6796,-1229.95,-2075.91,-1195.25,+2103.9
2000-08-02 23:34:00 PDT,+2425.18,-31.2038,-1229.29,-2075.65,-1193.71,+2104.33
2000-08-02 23:35:00 PDT,+2425.22,-31.048,-1229.18,-2075.76,-1193.84,+2104.32
2000-08-02 23:36:00 PDT,+2424.15,-30.6288,-1230.64,-2074.89,-1195.8,+2104.42
2000-08-02 23:37:00 PDT,+2424.06,-30.4994,-1230.72,-2074.76,-1196,+2104.46
2000-08-02 23:38:00 PDT,+2424.62,-29.3196,-1230.85,-2073.34,-1194.48,+2105.4
2000-08-02 23:39:00 PDT,+2424.78,-28.9995,-1230.69,-2073.3,-1194.51,+2105.47
2000-08-02 23:40:00 PDT,+2423.73,-30.3996,-1231.37,-2074.14,-1196.34,+2104.6
2000-08-02 23:41:00 PDT,+2424.68,-30.7947,-1229.89,-2075.57,-1195.43,+2104.07
2000-08-02 23:42:00 PDT,+2425.36,-31.0979,-1228.73,-2076.71,-1195.01,+2103.66
2000-08-02 23:43:00 PDT,+2425.17,-30.899,-1228.98,-2076.42,-1195.5,+2103.82
2000-08-02 23:44:00 PDT,+2424.93,-31.0631,-1229.09,-2076.55,-1195.77,+2103.71
2000-08-02 23:45:00 PDT,+2425.07,-30.8684,-1228.99,-2076.43,-1195.63,+2103.79
2000-08-02 23:46:00 PDT,+2423.95,-30.3592,-1230.54,-2075.41,-1197.71,+2103.94
2000-08-02 23:47:00 PDT,+2423.17,-32.0414,-1230.87,-2076.33,-1198.33,+2103.24
2000-08-02 23:48:00 PDT,+2424.16,-31.5437,-1230.06,-2076.16,-1196.62,+2103.67
2000-08-02 23:49:00 PDT,+2424.22,-31.5232,-1230,-2076.18,-1196.56,+2103.65
2000-08-02 23:50:00 PDT,+2424.1,-31.5213,-1230.07,-2076.07,-1196.65,+2103.63
2000-08-02 23:51:00 PDT,+2425.34,-29.9335,-1229.13,-2075.35,-1194.85,+2104.5
2000-08-02 23:52:00 PDT,+2424.74,-30.0087,-1229.57,-2075.74,-1196.55,+2104.11
2000-08-02 23:53:00 PDT,+2425.47,-28.2817,-1229.17,-2074.99,-1196.21,+2104.75
2000-08-02 23:54:00 PDT,+2425.41,-27.6204,-1229.75,-2073.58,-1195.38,+2105.54
2000-08-02 23:55:00 PDT,+2425.31,-28.2136,-1229.23,-2075.07,-1196.82,+2104.73
2000-08-02 23:56:00 PDT,+2424.91,-27.9273,-1229.94,-2074.45,-1197.11,+2104.96
2000-08-02 23:57:00 PDT,+2425.21,-27.6385,-1229.68,-2074.42,-1196.88,+2105.02
2000-08-02 23:58:00 PDT,+2425.32,-29.5278,-1228.71,-2076.44,-1196.57,+2103.9
2000-08-02 23:59:00 PDT,+2425.13,-29.6193,-1228.84,-2076.4,-1196.69,+2103.88
2000-08-03 00:00:00 PDT,+2426.76,-29.762,-1226.67,-2077.78,-1194.53,+2103.64
# end of tape
